0.5927219390869141
0.3105342388153076
0.6699117422103882
0.6170603036880493
0.5897047519683838
0.7817612886428833
0.645036518573761
0.41473832726478577
0.373942494392395
0.3636309504508972
0.29576078057289124
0.26368945837020874
0.2259732484817505
0.1837478131055832
0.17972321808338165
0.18758200109004974
0.1833527684211731
0.1931183785200119
0.14319439232349396
0.26333677768707275
0.21480637788772583
0.142364963889122
0.15646594762802124
0.1696767807006836
0.2055261731147766
0.12378405779600143
0.16469667851924896
0.14023271203041077
0.13459216058254242
0.17725592851638794
0.13462288677692413
0.13406915962696075
0.13077253103256226
0.09861674904823303
0.17829306423664093
0.11859771609306335
0.1330031007528305
0.11397576332092285
0.09679517149925232
0.10336147993803024
0.09296084940433502
0.09572373330593109
0.10705249011516571
0.10329003632068634
0.08862137794494629
0.10137514770030975
0.12372628599405289
0.09574180096387863
0.08768612891435623
0.07379390299320221
0.10266681015491486
0.08232865482568741
0.07442539185285568
0.07532820850610733
0.06851861625909805
0.07629601657390594
0.07936470210552216
0.07351207733154297
0.07201384007930756
0.07832159101963043
0.07625079154968262
0.07164949923753738
0.06976499408483505
0.06659063696861267
0.06940591335296631
0.06973040848970413
0.06888905167579651
0.06787711381912231
0.06719085574150085
0.06705735623836517
