0.542633056640625
0.3475772738456726
0.7444078922271729
0.6484975814819336
0.7727712392807007
0.6336439847946167
0.4627770781517029
0.5329350829124451
0.2725016176700592
0.38463258743286133
0.249017596244812
0.27367717027664185
0.21261107921600342
0.2342638373374939
0.16331973671913147
0.23879671096801758
0.12406132370233536
0.15793177485466003
0.15035223960876465
0.2004145234823227
0.156940758228302
0.1411951780319214
0.10650984942913055
0.1482250690460205
0.10118167102336884
0.15386559069156647
0.0802505761384964
0.11973431706428528
0.06204645708203316
0.14789091050624847
0.11359963566064835
0.07068432867527008
0.05024300888180733
0.11208457499742508
0.05751051753759384
0.06731311976909637
0.038442108780145645
0.10836929082870483
0.05545021593570709
0.09377186745405197
0.047728799283504486
0.07340560853481293
0.04079180955886841
0.06419802457094193
0.05226839333772659
0.02707955241203308
0.024378176778554916
0.04930989071726799
0.04504234716296196
0.03402629494667053
0.036626867949962616
0.05366818606853485
0.04033701866865158
0.028376538306474686
0.030211882665753365
0.025645382702350616
0.018498852849006653
0.033585790544748306
0.035115599632263184
0.02508685365319252
0.023450050503015518
0.027637772262096405
0.024785052984952927
0.018408089876174927
0.021067872643470764
0.023481516167521477
0.023458298295736313
0.022643472999334335
0.02194218523800373
0.021662594750523567
