0.5290333032608032
0.2998295724391937
0.7525925636291504
0.5262997150421143
1.1959240436553955
0.8636215329170227
0.690785825252533
0.9552623629570007
0.9144248962402344
0.7972027063369751
0.955664336681366
1.0286738872528076
1.045464277267456
0.8742762804031372
1.0673646926879883
0.816286563873291
0.7479259967803955
0.724966287612915
0.6790187954902649
0.6884168386459351
0.6817780137062073
0.6661127805709839
0.6442196369171143
0.7319034934043884
0.6442792415618896
0.798708438873291
0.5593685507774353
0.8346199989318848
0.6788485050201416
0.5690436363220215
0.7096734642982483
0.6903740763664246
0.49132928252220154
0.6151309013366699
0.5575377941131592
0.6420987844467163
0.5739384889602661
0.45029860734939575
0.5327906608581543
0.4940844476222992
0.4334259629249573
0.4197844862937927
0.5114203095436096
0.42832013964653015
0.3653034567832947
0.44614118337631226
0.5075471997261047
0.40507644414901733
0.34138569235801697
0.3421522378921509
0.3667088449001312
0.3581404983997345
0.32786011695861816
0.37501445412635803
0.38536354899406433
0.34564587473869324
0.318218469619751
0.3142502009868622
0.3056042790412903
0.32330766320228577
0.3229634761810303
0.31284332275390625
0.2969400882720947
0.2979700267314911
0.3029307425022125
0.3012307286262512
0.2972414195537567
0.295160710811615
0.29446423053741455
0.2940727770328522
