0.8079922199249268
0.39879700541496277
1.230879545211792
1.405476689338684
1.1526451110839844
1.373370885848999
1.0010374784469604
1.1111843585968018
0.9326126575469971
1.0029098987579346
0.965107798576355
0.7121363878250122
0.6479401588439941
0.6738455295562744
0.6256874799728394
0.5548418164253235
0.5718502998352051
0.4690464735031128
0.359637588262558
0.4800914525985718
0.42331159114837646
0.3195131719112396
0.5279881954193115
0.43312299251556396
0.4197760820388794
0.35312992334365845
0.33461642265319824
0.567633867263794
0.6067796349525452
0.5287693738937378
0.3497733771800995
0.33215275406837463
0.3284786641597748
0.30300819873809814
0.24267588555812836
0.2970837354660034
0.30399852991104126
0.36991292238235474
0.3366984724998474
0.2053125947713852
0.40841662883758545
0.415816068649292
0.38257211446762085
0.23044747114181519
0.290933221578598
0.3986383080482483
0.44074296951293945
0.39198750257492065
0.29289358854293823
0.24054419994354248
0.268483966588974
0.3155445456504822
0.28791338205337524
0.22912271320819855
0.19751474261283875
0.2654726803302765
0.26921674609184265
0.21526488661766052
0.22366684675216675
0.2409152388572693
0.2161174714565277
0.1813695728778839
0.21162185072898865
0.22295384109020233
0.22237533330917358
0.21896129846572876
0.21252384781837463
0.20664522051811218
0.2030564397573471
0.20207224786281586
