2.285191535949707
3.571798086166382
2.870905876159668
3.7937140464782715
2.1121630668640137
2.6517562866210938
1.473530650138855
1.926760196685791
1.1634255647659302
1.2527251243591309
1.5284197330474854
1.0771939754486084
1.06108558177948
0.9304093718528748
0.7414631843566895
0.6554749011993408
0.8713411688804626
0.6489254832267761
0.44377025961875916
0.42627257108688354
0.45287248492240906
0.4192676842212677
0.3524181544780731
0.36650335788726807
0.3523227572441101
0.37806934118270874
0.2472344934940338
0.4648376703262329
0.4485737085342407
0.3712983727455139
0.29899609088897705
0.27935487031936646
0.21491628885269165
0.17031508684158325
0.23671114444732666
0.209342360496521
0.17782628536224365
0.17551100254058838
0.17609062790870667
0.13527221977710724
0.18960994482040405
0.18069764971733093
0.18332695960998535
0.17302192747592926
0.1217084601521492
0.17813874781131744
0.18199487030506134
0.14873237907886505
0.14291179180145264
0.13936087489128113
0.10386626422405243
0.12015288323163986
0.11954984813928604
0.10412239283323288
0.10656575858592987
0.1104649156332016
0.10448836535215378
0.09704888612031937
0.10227324813604355
0.10496161878108978
0.09967418760061264
0.10042481124401093
0.09468899667263031
0.09627248346805573
0.0960007756948471
0.09695690125226974
0.09688272327184677
0.0963364690542221
0.09591187536716461
0.09568847715854645
