44.79412078857422
34.98038101196289
47.838443756103516
48.177146911621094
28.72123146057129
40.72069549560547
25.60191535949707
28.171764373779297
19.28833770751953
15.690681457519531
14.963327407836914
11.104405403137207
8.685214042663574
8.058454513549805
7.17451286315918
5.897261619567871
5.078901290893555
4.535301685333252
4.190480709075928
3.703233480453491
3.3594977855682373
3.0640738010406494
2.9343104362487793
2.7015275955200195
2.554098606109619
2.383711576461792
2.309434175491333
2.23490834236145
2.134272336959839
2.1144187450408936
1.9941421747207642
1.9723025560379028
1.8967607021331787
1.7878859043121338
1.735841989517212
1.7348096370697021
1.66986882686615
1.6269164085388184
1.576830506324768
1.5307193994522095
1.4891515970230103
1.4761487245559692
1.447589635848999
1.4028834104537964
1.3779913187026978
1.3869611024856567
1.3666036128997803
1.3196321725845337
1.304855227470398
1.30974543094635
1.291687250137329
1.275344729423523
1.26580810546875
1.253075122833252
1.2426331043243408
1.2447246313095093
1.2388808727264404
1.2256203889846802
1.2250365018844604
1.227036476135254
1.222847580909729
1.2140251398086548
1.2118281126022339
1.2133715152740479
1.2117648124694824
1.2089173793792725
1.2060779333114624
1.205346703529358
1.2048673629760742
1.2046600580215454
