84.91996765136719
4159.830078125
957.84716796875
5162.865234375
91.14324188232422
4098.00830078125
1462.42236328125
671.343505859375
2042.8350830078125
790.6581420898438
101.64888000488281
596.1622314453125
813.8536987304688
404.8223876953125
87.51754760742188
144.47743225097656
341.1272888183594
366.78680419921875
212.95606994628906
72.75301361083984
48.5283317565918
109.2786636352539
171.66900634765625
174.31271362304688
123.22991180419922
65.162109375
34.44294738769531
37.49699783325195
57.58761978149414
74.81812286376953
78.094970703125
66.8370361328125
48.586490631103516
32.879920959472656
23.20211410522461
20.98358917236328
23.309444427490234
27.054244995117188
29.714853286743164
30.0537166595459
28.45077896118164
25.387073516845703
21.362712860107422
18.03436851501465
15.24247932434082
13.780425071716309
13.053874969482422
12.663053512573242
12.61339282989502
12.404356956481934
12.616645812988281
12.635708808898926
12.40966796875
12.20669937133789
11.930551528930664
11.742488861083984
11.369997024536133
10.96194839477539
10.746642112731934
10.620401382446289
10.347918510437012
10.091835975646973
9.93147087097168
9.826663970947266
9.81011962890625
9.756299018859863
9.70137882232666
9.655908584594727
9.631093978881836
9.62364387512207
