10.253618240356445
16.77532958984375
11.670076370239258
17.29281234741211
7.174849033355713
13.973434448242188
5.47904634475708
5.2872138023376465
4.981951713562012
2.2347569465637207
2.6666479110717773
3.3426034450531006
2.224729537963867
1.7239776849746704
1.8519697189331055
1.626469373703003
1.6087958812713623
1.1897141933441162
1.2100507020950317
1.331425428390503
1.1752291917800903
1.101462960243225
0.9485169649124146
0.851500928401947
0.8215453624725342
0.726053774356842
0.5880141854286194
0.518379807472229
0.5135030746459961
0.4788673222064972
0.4600929319858551
0.4252179265022278
0.3686731159687042
0.36598026752471924
0.3217829167842865
0.30876657366752625
0.2874249517917633
0.2520977854728699
0.2572544813156128
0.25865691900253296
0.22977355122566223
0.20428331196308136
0.20721721649169922
0.18863041698932648
0.18057364225387573
0.1818542331457138
0.16729910671710968
0.16426290571689606
0.17871113121509552
0.16363312304019928
0.15700362622737885
0.15429064631462097
0.1541508138179779
0.15127988159656525
0.15574924647808075
0.15238215029239655
0.13907290995121002
0.14383822679519653
0.14806604385375977
0.14523129165172577
0.13897407054901123
0.13497847318649292
0.13427920639514923
0.13106709718704224
0.13243632018566132
0.13149362802505493
0.1315334141254425
0.1313701570034027
0.13099037110805511
0.13080807030200958
