63.303340911865234
1485.7747802734375
348.1483459472656
1756.4208984375
63.08487319946289
1309.1103515625
508.287841796875
181.5463104248047
551.9437255859375
262.28204345703125
54.97085952758789
181.57972717285156
260.8732604980469
134.37899780273438
41.96873474121094
78.73943328857422
139.52606201171875
119.83200073242188
56.95712661743164
27.909717559814453
46.59902572631836
74.439697265625
77.01717376708984
54.22637939453125
30.63214874267578
22.188552856445312
26.78923225402832
34.32649230957031
35.34325408935547
29.94196128845215
21.626602172851562
14.77001953125
11.439560890197754
11.91429328918457
13.66161060333252
14.759757995605469
14.8309907913208
13.558818817138672
11.421248435974121
9.381856918334961
7.825118541717529
6.61556339263916
6.342812538146973
6.1976141929626465
6.231343746185303
6.300065040588379
6.224307537078857
5.856814384460449
5.885497093200684
5.728608131408691
5.455263137817383
5.130407810211182
4.859013557434082
4.554277420043945
4.453364849090576
4.309552192687988
4.161798000335693
4.045961380004883
3.9759247303009033
3.936629056930542
3.843836545944214
3.778869390487671
3.7583932876586914
3.7364816665649414
3.7121894359588623
3.6995792388916016
3.6825733184814453
3.666170358657837
3.6579084396362305
3.6560330390930176
