108.80229187011719
30.795019149780273
9866.3544921875
31.76375389099121
128.2989044189453
60.86511993408203
16.13393211364746
14.33727741241455
15.098846435546875
58.212257385253906
709.50927734375
34.36329650878906
343.0248718261719
274.53900146484375
11.825824737548828
13.89332103729248
12.96780776977539
1029.269775390625
18.894678115844727
30.11658477783203
2161.8984375
83.85501861572266
82.13706970214844
1190.9161376953125
565692.625
26.078899383544922
1987.3828125
153864.359375
254.19261169433594
93.5304946899414
16.806116104125977
24.624242782592773
21.90957260131836
23.02899742126465
5.425285816192627
212.7000274658203
21.17731475830078
11.357077598571777
2145.34326171875
339.485107421875
50.931644439697266
13.182000160217285
7.994524955749512
49.54875946044922
58.87932586669922
21.08158302307129
11.746030807495117
228.16375732421875
21.055953979492188
19.182905197143555
8.458504676818848
11.012284278869629
880.8670654296875
772.8345947265625
39.14963150024414
8.913492202758789
19.15552520751953
20.2188777923584
358.4981384277344
52.60682678222656
7.8818488121032715
6.688012599945068
306.9131164550781
85.8018798828125
978.3999633789062
53.93010330200195
24.96764373779297
48.73323059082031
24.332393646240234
11.588292121887207
14.600380897521973
12.304695129394531
6.154158115386963
67.22174835205078
163.56375122070312
5.829056262969971
161.232666015625
7.028995990753174
888.3544921875
20.54111671447754
14.130180358886719
12.642707824707031
6.610588550567627
116.82083129882812
10.994952201843262
84.3901138305664
21.2232723236084
5750.41845703125
21.28291893005371
110.99510192871094
40.53668212890625
10.069541931152344
8.055355072021484
9.433683395385742
39.83837127685547
539.6214599609375
26.662614822387695
239.6871337890625
191.0268096923828
6.348287582397461
8.146369934082031
7.6347150802612305
513.4513549804688
13.760904312133789
22.402009963989258
922.0870971679688
55.251304626464844
58.495361328125
701.27001953125
582461.8125
18.714195251464844
1767.258056640625
90404.375
256.66900634765625
80.42107391357422
12.781560897827148
17.810073852539062
20.478347778320312
18.540124893188477
2.2460830211639404
164.64324951171875
17.45372772216797
8.076845169067383
1117.457763671875
197.06243896484375
37.96098327636719
12.216960906982422
5.976640701293945
48.75380325317383
48.392616271972656
16.625324249267578
15.467462539672852
570.5126953125
19.493837356567383
19.715972900390625
7.178574085235596
9.437618255615234
398.5459289550781
556.7124633789062
34.65713882446289
7.085709571838379
18.310916900634766
19.870460510253906
267.0291748046875
85.24972534179688
7.391194820404053
6.473912715911865
237.58802795410156
75.0615005493164
1526.61572265625
75.40892028808594
43.21078872680664
53.815425872802734
29.90894889831543
16.380081176757812
16.141347885131836
13.425532341003418
8.400917053222656
168.49403381347656
217.64466857910156
9.322922706604004
214.837646484375
7.962688446044922
517.7026977539062
47.30989074707031
15.754261016845703
17.321117401123047
12.590635299682617
123.42710876464844
14.389837265014648
113.2969741821289
35.28349685668945
5902.052734375
29.746524810791016
123.74552154541016
83.0178451538086
15.448925971984863
11.457195281982422
29.072309494018555
59.40999984741211
905.3408203125
42.983516693115234
302.5580139160156
163.20445251464844
15.866172790527344
13.132787704467773
11.573912620544434
1986.3123779296875
19.915420532226562
25.181968688964844
3529.86767578125
395.0931091308594
68.95777130126953
1037.8798828125
5061402.0
28.039024353027344
6451.53466796875
258845.828125
1129.1695556640625
207.1114044189453
39.865135192871094
51.56661605834961
26.57899284362793
37.16264724731445
8.054733276367188
186.77374267578125
42.96336364746094
27.09042739868164
2749.036865234375
317.5122375488281
73.69990539550781
28.24721908569336
23.141637802124023
88.78211212158203
244.18865966796875
52.595497131347656
55.404541015625
1175.59619140625
41.37947463989258
37.24452590942383
23.20797348022461
36.75678634643555
10206.9169921875
3567.37841796875
155.12374877929688
33.98221969604492
133.15264892578125
48.309146881103516
1275.3477783203125
459.98388671875
42.28471755981445
32.827850341796875
877.2490844726562
656.5654907226562
33465.48046875
249.4661102294922
354.9985656738281
220.43165588378906
667.1983032226562
76.11324310302734
105.55482482910156
110.80744171142578
52.85219955444336
721.8367309570312
1461.70703125
79.71515655517578
4647.26318359375
102.32592010498047
9729.0947265625
2426.599365234375
154.63565063476562
186.89297485351562
54.3608283996582
2275.777587890625
92.6363754272461
4206.75634765625
844.7440185546875
62062.35546875
1029.0341796875
881.992431640625
845.6920166015625
159.95762634277344
107.0989761352539
157.690673828125
2152.0009765625
185912.0625
576.955810546875
10697.615234375
3516.69775390625
77.67467498779297
179.20677185058594
57.71963119506836
57188.6640625
101.62747955322266
1039.9541015625
50496.421875
21938.65625
2006.6590576171875
44566.515625
31218602.0
2722.499755859375
63587.8515625
28053390.0
13205.41796875
14405.7041015625
1433.07421875
4137.63525390625
1921.254150390625
2329.466064453125
680.7916870117188
26315.677734375
1931.23876953125
1848.4542236328125
779199.0
16541.216796875
9965.1171875
2191.8203125
2071.843994140625
4032.6796875
9502.83984375
6246.080078125
4134.85302734375
128764.5078125
7708.45556640625
1539.9481201171875
2017.3341064453125
2879.545166015625
268093.90625
45184.92578125
6794.03076171875
1882.2005615234375
5739.0859375
4533.232421875
268552.09375
31059.271484375
2106.256103515625
1337.0115966796875
149055.71875
34922.36328125
445576.0625
8308.8134765625
8251.36328125
10817.4521484375
8235.1708984375
2241.340576171875
6164.9677734375
4829.09765625
1924.1044921875
39589.66796875
57858.23046875
1633.0472412109375
41122.015625
2063.930419921875
347805.375
52109.96875
4231.46484375
14225.048828125
1777.1484375
29918.619140625
7489.634765625
120393.9765625
7942.39453125
4008875.0
16833.244140625
8103.32666015625
83513.515625
7949.3486328125
6313.53125
7461.74560546875
60880.83984375
2216936.0
6629.4306640625
76871.296875
198933.203125
3962.791748046875
7594.87353515625
4672.794921875
1164194.75
5858.96142578125
3135.4169921875
2591099.5
157001.09375
18792.986328125
2036918.125
2584809728.0
21861.91796875
290814.84375
1096494976.0
49150.23046875
22898.529296875
14461.236328125
26739.986328125
11839.791015625
60698.34765625
2730.89453125
117014.625
13601.04296875
7451.47021484375
15083065.0
137018.90625
161003.6875
29214.14453125
11658.951171875
29318.54296875
105019.140625
44221.21484375
24041.486328125
657170.75
222377.0
12610.9931640625
20814.029296875
24195.0390625
1705509.75
2465006.0
123933.6328125
31645.45703125
50184.12890625
41906.15625
4137929.25
270735.71875
14719.892578125
18669.35546875
2639627.25
94564.5625
2377676.0
107143.296875
99838.8203125
50873.0390625
35710.77734375
19021.671875
30559.8125
53329.87890625
11044.0390625
414085.53125
116667.5546875
27957.51171875
154287.296875
29034.173828125
6378302.0
106103.703125
28470.107421875
89795.5078125
5113.021484375
240501.1875
17499.8203125
307701.5
34865.0234375
48637100.0
41681.83203125
73176.1796875
977310.0
47081.09375
15177.1240234375
33926.140625
170213.75
1692051.25
54851.7578125
415596.8125
114559.4296875
10865.1015625
21879.759765625
12708.599609375
6613219.5
40441.30078125
24351.966796875
5448472.5
274724.90625
32082.8984375
145673.09375
36931985408.0
24979.03515625
1302524.875
9799372800.0
55261.1953125
31333.78125
15808.7294921875
21189.224609375
29981.962890625
67751.4375
12329.5712890625
75110.171875
15664.3798828125
25179.57421875
16106104.0
86725.515625
380218.78125
23126.55859375
22576.60546875
172780.125
116942.6875
43856.6171875
37246.5234375
555123.8125
60274.99609375
17303.6640625
27022.654296875
19154.99609375
492889.6875
2909860.5
73994.59375
34956.125
58867.8984375
57153.03515625
5569486.0
205506.625
20581.166015625
32039.74609375
2175866.0
76457.2890625
3785876.25
107403.1640625
99818.8828125
105826.484375
75736.046875
31946.619140625
35781.89453125
47485.0390625
13294.60546875
283183.90625
135250.96875
33040.2265625
208483.296875
39558.765625
4119598.75
38986.59375
50554.31640625
55021.0859375
7842.240234375
326387.5
15381.783203125
109684.9921875
39445.05078125
94640488.0
20242.0546875
59752.21875
487578.78125
32944.9765625
15443.2119140625
29499.255859375
146221.78125
4503732.0
69954.1015625
392779.53125
334435.3125
13746.67578125
27115.572265625
13361.8642578125
8332504.5
36343.0859375
58713.46875
23446324.0
205844.3125
49549.88671875
2163334.75
30284527616.0
90403.8828125
317934.8125
4160236800.0
88124.359375
409902.9375
177131.609375
300267.1875
30076.478515625
213659.46875
21349.5625
101184.8671875
51269.75390625
61615.67578125
21451886.0
2679347.5
387856.5
48560.52734375
47659.46875
159996.328125
305199.375
31978.98046875
72546.625
4727378.0
184988.53125
21204.302734375
44228.8203125
29699.314453125
2308836.5
11777343.0
130253.4921875
27833.013671875
42332.046875
50479.20703125
2701655.5
741451.6875
29548.771484375
38957.859375
1719176.625
290058.28125
5742644.0
316850.75
321725.65625
123112.515625
100060.109375
46226.953125
45626.4296875
135038.40625
34949.30078125
2149032.25
318172.5
75044.546875
354590.15625
51293.85546875
17097154.0
57757.2578125
54776.97265625
19843.07421875
68030.46875
586626.6875
181313.46875
184762.953125
42702.37109375
18899128.0
64689.05078125
236095.6875
450221.4375
171715.953125
34397.46875
157607.140625
145819.1875
2295432.25
142555.59375
526688.875
197086.921875
56349.828125
70393.2578125
39288.640625
3828616.5
124198.1328125
155020.578125
62742888.0
326470.46875
97836.890625
5765490.0
126667120640.0
57141.640625
3073213.25
545824320.0
31313.50390625
148320.171875
33460.14453125
62377.375
29401.76171875
119784.734375
14395.541015625
176290.140625
21639.7734375
42022.03125
85615152.0
233940.640625
300009.90625
32052.078125
18271.814453125
127049.21875
164373.609375
27383.42578125
43612.0078125
993622.0625
53044.6796875
15341.0595703125
31587.3359375
23890.841796875
461153.46875
3956766.75
50440.48828125
59846.171875
55900.15234375
44925.52734375
6093781.0
74301.734375
25280.23046875
36667.62890625
1167832.875
311582.125
9559092.0
258049.21875
33702.65234375
95455.375
175146.5625
29716.470703125
37472.93359375
22804.82421875
13862.369140625
176752.3125
616206.125
19770.861328125
201534.5
61088.171875
2402026.5
51022.1796875
66526.9296875
16799.271484375
11939.6875
582491.6875
40086.28515625
167633.34375
127303.625
143023792.0
71107.84375
64635.26953125
106571.4765625
22334.3828125
21308.068359375
23362.369140625
417526.09375
2685343.25
38457.7109375
815871.8125
602241.5
20588.16796875
21663.3828125
24312.712890625
4439260.0
18468.357421875
82749.0390625
52980380.0
341986.4375
42500.2578125
1337516.625
5571921920.0
25013.74609375
199084.46875
1117661568.0
34974.2734375
191157.1875
70212.3203125
109527.7109375
21202.193359375
161370.90625
6281.92529296875
173716.546875
13356.345703125
21892.328125
19091640.0
647742.3125
71064.359375
28620.505859375
17136.71875
61433.26171875
251773.375
27407.654296875
39383.1484375
1303275.125
161835.0
11774.2275390625
25969.93359375
21845.490234375
646999.5625
7891472.0
105907.421875
19928.408203125
42646.5859375
21992.728515625
5138153.5
233511.953125
19304.966796875
42242.0390625
2294397.5
796578.875
1171848.75
151105.0625
175742.8125
64268.07421875
70221.3359375
32547.234375
38801.3515625
64440.89453125
18434.044921875
597658.4375
171416.171875
45163.29296875
390697.59375
27329.220703125
7242968.5
42429.4921875
46433.4765625
45993.4375
12389.67578125
280010.90625
31609.671875
77930.6953125
100312.65625
127626520.0
78762.5859375
144575.6875
238812.78125
81177.5
25484.681640625
60206.1015625
140801.25
45422444.0
83531.1796875
2170175.25
295323.96875
16952.427734375
33680.6640625
20692.865234375
1845538.875
55883.41796875
27369.181640625
15606443.0
1090595.0
23933.861328125
4793633.0
61481865216.0
27622.005859375
490623.8125
2152740608.0
46855.16796875
147139.421875
55965.87890625
52932.52734375
44909.0703125
134222.265625
24582.626953125
348605.59375
28210.697265625
30561.966796875
24730094.0
722496.6875
214763.0
33207.3046875
53157.4921875
92596.921875
151788.140625
25796.60546875
60618.6171875
3915728.25
39404.203125
16376.794921875
29860.42578125
23204.908203125
1763750.125
3784549.75
56639.01953125
17535.677734375
41318.4765625
28955.88671875
1790233.875
712145.4375
8811.498046875
27130.330078125
590680.375
127881.296875
2127855.25
168133.09375
292150.875
59410.08203125
64291.77734375
29987.060546875
34864.55078125
86716.3984375
28885.900390625
2026090.375
144438.484375
60480.30078125
365351.90625
13678.302734375
5735631.5
28946.806640625
28409.271484375
18513.216796875
31415.14453125
257786.46875
148695.234375
104369.75
53309.09375
82107888.0
67970.2109375
72873.0390625
77059.6875
150583.5
30089.50390625
127364.2890625
116913.03125
7568328.5
129975.90625
765376.0
331803.40625
36399.37109375
50735.59375
36177.23046875
1893062.25
116278.828125
26126.8203125
3160172.75
652647.6875
22085.357421875
2648097.0
132121649152.0
35001.62890625
4176489.0
985782912.0
81076.8046875
61883.4609375
56205.76171875
38791.78515625
27395.06640625
114947.90625
18191.796875
429563.09375
18659.52734375
28513.904296875
57760284.0
776913.4375
153989.953125
20288.806640625
19668.916015625
43581.859375
84335.25
17195.30078125
22267.197265625
872749.125
17095.8125
13138.0791015625
12687.2861328125
12868.2373046875
1915962.5
2724533.75
34014.82421875
7563.5947265625
15756.1142578125
13309.8857421875
1480262.0
99349.9765625
5329.05712890625
10032.91796875
215256.21875
87183.1171875
2335615.75
38721.59765625
43958.26953125
28506.74609375
19884.486328125
10186.064453125
7569.94140625
11179.5390625
5866.86572265625
295393.4375
61822.71484375
8966.9580078125
143443.84375
5102.18603515625
1293172.625
32055.55078125
10876.4375
3746.127685546875
16652.224609375
51250.1171875
41112.46875
25401.392578125
25502.5
26312396.0
31541.9140625
50756.578125
18765.177734375
32229.189453125
7282.97314453125
27370.64453125
33764.93359375
4076997.25
15625.216796875
472654.65625
76035.21875
9604.87109375
9188.181640625
12420.1025390625
791685.625
13648.4091796875
9681.7109375
5374369.0
244980.53125
7043.4287109375
2573232.25
13982243840.0
17148.56640625
599919.875
77768784.0
30474.138671875
50894.453125
13165.310546875
12302.4892578125
12430.828125
20030.2734375
9002.0205078125
124319.6171875
10449.15625
13574.0146484375
9864973.0
47721.671875
49765.640625
14651.0224609375
13052.2060546875
29256.01953125
31748.15234375
12820.75390625
19072.67578125
170645.96875
11673.9287109375
9480.4912109375
10535.6357421875
12034.376953125
2050071.0
577364.9375
20023.369140625
9413.154296875
12213.1767578125
8329.3759765625
80914.8125
78982.0
6109.853515625
7059.2529296875
223660.171875
14324.017578125
621207.125
44099.23828125
56758.26171875
16090.3095703125
10802.69140625
5171.72265625
13747.21875
15295.138671875
5755.5751953125
190030.9375
25566.912109375
12566.146484375
43464.26171875
4648.8720703125
1946108.375
11562.9912109375
4334.40185546875
2980.559326171875
2158.645751953125
108392.203125
3397.446044921875
31906.91015625
20442.279296875
35694788.0
5402.12353515625
7536.8505859375
23116.68359375
16020.16796875
3317.706787109375
10380.8125
19092.98046875
547341.25
11368.93359375
78054.9140625
27880.306640625
1704.720703125
6394.0673828125
3142.878662109375
179582.921875
9909.201171875
4394.291015625
3031104.0
63102.16796875
3485.51318359375
546706.375
17904611328.0
2948.301513671875
366233.84375
20431352.0
19995.58203125
17078.353515625
6918.0009765625
3817.686279296875
3873.778564453125
9293.650390625
2417.15087890625
47561.5546875
3344.71630859375
3844.169677734375
573435.9375
33330.2421875
28186.955078125
4066.29736328125
4223.89892578125
10875.658203125
12821.986328125
6633.60986328125
5886.98828125
159124.171875
4617.84765625
4954.17578125
4024.867431640625
4267.2734375
635083.5
172781.796875
5584.421875
3702.483642578125
5719.32373046875
4896.72412109375
44048.1953125
21654.416015625
3074.16943359375
3375.85693359375
66183.6640625
10282.9912109375
495299.8125
13498.4736328125
9033.34765625
8603.849609375
5675.01318359375
3812.098388671875
4272.76904296875
3564.45361328125
2719.38720703125
53068.96875
10349.4228515625
3127.777587890625
22156.853515625
2205.48876953125
216598.890625
7350.40673828125
3668.298583984375
2793.20703125
5323.07568359375
21209.716796875
10010.794921875
8670.3349609375
9836.2734375
10331108.0
6010.97265625
13969.2626953125
11053.3017578125
7719.17919921875
1900.02783203125
6106.89697265625
10717.814453125
65006.6875
2839.093017578125
20414.90625
12500.0625
2417.1611328125
1830.94189453125
2892.04296875
184616.703125
2595.99609375
3403.802001953125
437151.1875
4233.1416015625
2886.587646484375
44839.79296875
2018997120.0
1673.2740478515625
239333.453125
20344272.0
15180.939453125
6186.09326171875
1085.7049560546875
2059.253662109375
732.6369018554688
1537.966796875
330.4729309082031
15473.81640625
951.5396118164062
569.6903686523438
138819.859375
12187.2119140625
4259.59228515625
650.2606811523438
668.31103515625
4902.41162109375
3694.111572265625
1047.7525634765625
1262.988525390625
60305.3359375
708.8095703125
1535.5714111328125
469.55584716796875
508.7083740234375
35101.58984375
75918.328125
1525.6788330078125
354.6505432128906
1475.6490478515625
1544.0062255859375
17986.234375
3688.490966796875
458.69500732421875
469.402587890625
13002.181640625
3117.8671875
43178.34765625
2342.169921875
1209.3966064453125
4232.6494140625
1005.0979614257812
745.1956787109375
1240.2059326171875
517.701904296875
357.7638854980469
9285.2890625
5991.03662109375
359.7409362792969
6050.95703125
392.4012756347656
36860.86328125
2016.9776611328125
1162.3905029296875
747.076171875
1810.2012939453125
2057.5390625
3404.94775390625
4077.984619140625
1630.483642578125
473451.875
1397.2265625
7030.65576171875
2080.66845703125
1590.262939453125
523.0047607421875
1317.43896484375
7032.03662109375
54117.66015625
1083.2508544921875
10905.224609375
6974.67431640625
746.8343505859375
553.6005859375
998.8630981445312
37312.32421875
470.9989013671875
2173.306396484375
41433.37890625
2394.159912109375
1867.4591064453125
25022.783203125
61949024.0
777.0968017578125
50095.921875
15334217.0
7983.04736328125
5612.38427734375
583.6488647460938
1088.8953857421875
714.4567260742188
1100.9954833984375
193.816162109375
14267.6142578125
608.3165283203125
409.7063293457031
61832.921875
11166.521484375
3284.7109375
447.0325622558594
462.51812744140625
3968.190185546875
2698.886962890625
777.7203979492188
975.2994384765625
41692.4140625
545.1010131835938
1354.6842041015625
359.72845458984375
410.163818359375
21313.666015625
64370.56640625
1320.5953369140625
284.11602783203125
1285.84912109375
1359.841552734375
13773.5205078125
2436.181640625
392.6510925292969
373.1253356933594
11667.404296875
2624.698974609375
26118.888671875
1895.59716796875
928.8391723632812
3842.475341796875
823.8988647460938
615.0533447265625
1201.84326171875
453.8538818359375
283.79193115234375
6673.63134765625
4971.50732421875
285.8813171386719
5175.92724609375
347.21868896484375
30630.056640625
1740.105224609375
1049.356689453125
614.6128540039062
1570.375
1373.4805908203125
2891.4189453125
3378.80517578125
1252.6142578125
376532.8125
1138.177490234375
6502.0927734375
1567.4117431640625
1198.6790771484375
441.76397705078125
984.6541137695312
5832.9140625
30439.4296875
956.6729736328125
8246.013671875
5833.3193359375
626.9848022460938
494.8197021484375
837.8560791015625
16716.580078125
368.0168762207031
1997.5672607421875
14369.7841796875
1810.688232421875
1722.6534423828125
16862.763671875
9115347.0
627.0196533203125
35447.59375
12538202.0
7365.46728515625
5412.95361328125
512.5325317382812
924.7720336914062
712.589111328125
982.6185913085938
161.3580780029297
11877.421875
529.4339599609375
357.770751953125
33533.23046875
9790.7998046875
2926.099853515625
391.2754211425781
404.82745361328125
3583.487060546875
2338.186279296875
677.1997680664062
891.2982788085938
37255.3203125
486.0556640625
1286.7362060546875
313.85162353515625
362.9088439941406
19226.240234375
54212.765625
1177.3099365234375
245.74905395507812
1171.5296630859375
1265.0960693359375
11431.603515625
2109.591552734375
355.1340026855469
332.1029357910156
10107.0439453125
2345.542724609375
18779.212890625
1783.47314453125
864.82373046875
3694.630859375
746.1729736328125
566.7915649414062
1174.6165771484375
425.8174133300781
250.9224853515625
5983.19970703125
4334.22314453125
259.10516357421875
4812.826171875
316.9896545410156
26652.697265625
1592.2447509765625
982.316162109375
551.0504150390625
1487.6351318359375
1194.546630859375
2723.795166015625
3051.420166015625
1110.22998046875
345273.25
1014.37255859375
6337.0498046875
1340.4979248046875
1082.3497314453125
392.83001708984375
875.48828125
4807.63916015625
20338.9375
897.1600341796875
7197.599609375
4875.07373046875
577.2337646484375
466.5229187011719
757.5189819335938
10804.708984375
329.7571716308594
1929.9365234375
11170.2724609375
1504.4808349609375
1639.2530517578125
13061.943359375
3048705.0
551.428955078125
31092.380859375
10382947.0
7163.17236328125
5276.7392578125
473.6016845703125
860.45068359375
697.052978515625
906.7510986328125
143.39683532714844
10329.84765625
487.07330322265625
321.39306640625
20403.59765625
8802.1083984375
2675.295654296875
356.8426818847656
376.3063659667969
3305.967041015625
2108.394287109375
600.6722412109375
853.7775268554688
35678.3515625
456.17352294921875
1254.2784423828125
289.8840026855469
334.2474060058594
17331.4375
46741.33984375
1088.9434814453125
223.0375213623047
1108.3372802734375
1206.628662109375
9874.9287109375
1982.5804443359375
332.0548400878906
310.521484375
8974.2861328125
2171.724609375
14533.6708984375
1731.1390380859375
837.87890625
3592.038330078125
704.7221069335938
543.921875
1151.4046630859375
411.73883056640625
234.36585998535156
5757.78564453125
3911.9169921875
245.42648315429688
4558.95654296875
293.1876525878906
22683.58203125
1500.166015625
939.4891967773438
516.053955078125
1454.3065185546875
1113.373779296875
2662.828125
2793.66845703125
995.0908813476562
328770.96875
939.681640625
6297.19091796875
1236.4259033203125
1037.5523681640625
364.9196472167969
832.3040771484375
4031.9619140625
14738.640625
850.7738647460938
6400.43603515625
4288.4951171875
553.5552978515625
449.0443420410156
711.9727172851562
8424.2060546875
311.1324768066406
1873.7803955078125
10533.0791015625
1311.4249267578125
1570.221435546875
10582.1748046875
2188449.5
507.0857849121094
29559.5546875
8643993.0
7075.1240234375
5174.79345703125
449.1892395019531
827.8966674804688
680.160888671875
860.319091796875
131.8523712158203
9033.9482421875
458.866943359375
296.8512268066406
14223.083984375
7894.7412109375
2494.251953125
334.9931640625
359.7311706542969
3084.346923828125
1941.1461181640625
541.5250244140625
832.6363525390625
35019.9296875
440.1536865234375
1236.2957763671875
275.4428405761719
314.83612060546875
15788.6171875
41034.08203125
1025.0406494140625
208.0037078857422
1062.1768798828125
1163.9229736328125
8748.5234375
1921.4349365234375
316.7301025390625
297.7842102050781
8080.30908203125
2038.1650390625
11810.2138671875
1701.5174560546875
821.689453125
3516.96240234375
678.3899536132812
531.0189208984375
1132.5511474609375
401.537841796875
224.19651794433594
5671.04931640625
3609.62744140625
236.70892333984375
4366.00634765625
275.0093688964844
19294.17578125
1442.8614501953125
907.6004638671875
493.87530517578125
1436.870361328125
1056.2911376953125
2636.594482421875
2596.590576171875
912.0557861328125
319706.78125
894.3120727539062
6299.029296875
1167.9542236328125
1016.5286254882812
344.3959655761719
812.434814453125
3410.812744140625
11348.7236328125
816.732421875
5850.18310546875
3833.19189453125
539.423828125
436.2091979980469
681.2754516601562
7167.421875
299.53466796875
1829.0611572265625
10221.693359375
1179.8321533203125
1508.07080078125
8814.2099609375
1965765.125
477.43402099609375
28889.806640625
7222213.0
7024.568359375
5095.5302734375
431.5450439453125
804.4219970703125
665.2112426757812
829.3056640625
124.48461151123047
7943.337890625
438.8175964355469
278.7332458496094
11309.1025390625
7080.41748046875
2356.741455078125
319.96881103515625
348.6289978027344
2897.92431640625
1809.583251953125
495.1806640625
819.4207153320312
34653.12890625
430.11688232421875
1224.31396484375
265.2537841796875
300.4610900878906
14530.7900390625
36567.9921875
977.6650390625
197.22384643554688
1026.44287109375
1130.1552734375
7818.61962890625
1882.7918701171875
305.791015625
287.8319396972656
7360.37646484375
1934.8897705078125
9877.9404296875
1676.5946044921875
809.6396484375
3445.432861328125
658.6221313476562
522.7736206054688
1117.4527587890625
394.0216369628906
217.15936279296875
5627.1826171875
3380.463623046875
230.68109130859375
4209.58544921875
260.4092712402344
16496.8125
1406.0372314453125
882.2838745117188
478.5487060546875
1425.3040771484375
1010.1697998046875
2621.3408203125
2441.412841796875
847.0667724609375
314084.6875
863.4859008789062
6318.36279296875
1122.8641357421875
1004.394287109375
329.3756103515625
800.278076171875
2915.073486328125
9231.560546875
788.8018188476562
5430.4091796875
3481.771240234375
529.910400390625
426.0231628417969
658.8551025390625
6409.99365234375
291.627685546875
1786.6695556640625
10046.1279296875
1088.0330810546875
1451.92431640625
7546.08251953125
1868975.0
454.59197998046875
28478.822265625
6055234.0
6986.9638671875
5029.85595703125
417.4187316894531
783.7664794921875
652.0413208007812
806.9038696289062
118.55331420898438
7028.359375
421.9988098144531
264.3811340332031
9875.3154296875
6361.26416015625
2244.057861328125
307.84075927734375
340.0911560058594
2736.590576171875
1700.8564453125
455.79901123046875
810.2068481445312
34389.1171875
423.35894775390625
1215.44140625
257.8224182128906
289.4186706542969
13481.1572265625
33047.890625
941.0781860351562
188.45352172851562
996.0628051757812
1102.27783203125
7040.1728515625
1853.358642578125
297.341552734375
280.5016784667969
6772.43115234375
1847.1905517578125
8426.7021484375
1651.287353515625
799.897705078125
3379.909423828125
642.3976440429688
515.88671875
1104.59130859375
387.55975341796875
211.3545684814453
5596.6708984375
3194.920166015625
225.5338592529297
4077.61328125
248.7209014892578
14206.1689453125
1382.2025146484375
860.7797241210938
466.8133239746094
1415.416748046875
970.495849609375
2610.251220703125
2316.0556640625
791.9995727539062
309938.0
841.3946533203125
6343.8427734375
1089.2357177734375
995.5736083984375
316.8763427734375
791.8486938476562
2513.88232421875
7881.1015625
766.0503540039062
5104.21533203125
3198.34228515625
522.2113647460938
417.7505187988281
640.9639282226562
5875.31689453125
285.16766357421875
1745.1968994140625
9912.7138671875
1022.5479125976562
1399.2701416015625
6636.158203125
1820402.75
436.08746337890625
28144.8671875
5095985.0
6955.72314453125
4972.9853515625
405.04241943359375
763.8571166992188
641.20263671875
789.7578735351562
114.37397766113281
6243.83251953125
408.6134033203125
252.81402587890625
9107.6279296875
5724.6103515625
2149.544189453125
298.3573303222656
333.43194580078125
2597.798583984375
1610.473876953125
422.28704833984375
802.9461669921875
34164.05078125
418.07861328125
1208.518798828125
251.54881286621094
280.7855529785156
12627.8369140625
30220.19921875
912.5637817382812
181.44662475585938
969.3809204101562
1078.2484130859375
6358.60009765625
1829.494384765625
290.69281005859375
274.3502197265625
6281.80322265625
1771.5509033203125
7310.41650390625
1625.3560791015625
792.3429565429688
3316.61669921875
628.7476196289062
510.4380187988281
1093.36376953125
382.67706298828125
206.8988800048828
5570.5888671875
3038.6484375
221.49755859375
3963.231689453125
239.20944213867188
12323.5244140625
1365.625732421875
842.9683227539062
457.5815124511719
1406.48876953125
934.6943359375
2600.6015625
2214.1259765625
745.4669799804688
306381.21875
824.77978515625
6373.3369140625
1064.8370361328125
989.025146484375
307.0069580078125
785.415283203125
2185.263671875
6988.259765625
746.6604614257812
4841.74755859375
2967.67822265625
516.3092651367188
410.888671875
626.7810668945312
5468.31396484375
280.2799377441406
1703.1224365234375
9810.2802734375
974.612060546875
1350.7318115234375
5984.025390625
1795261.375
420.28466796875
27837.703125
4306496.5
6926.74462890625
4921.71044921875
394.6852722167969
744.1155395507812
632.2103881835938
776.0397338867188
111.01048278808594
5573.5263671875
397.2174072265625
242.9499969482422
8636.0146484375
5166.4892578125
2066.66015625
290.04412841796875
327.69970703125
2477.635009765625
1533.97705078125
393.50518798828125
797.4534301757812
33962.8515625
413.9093933105469
1202.777587890625
246.42919921875
273.7686767578125
11929.7587890625
27929.93359375
889.3727416992188
175.57772827148438
945.9751586914062
1057.23779296875
5764.4501953125
1807.5325927734375
285.2102355957031
269.4138488769531
5865.1689453125
1705.855224609375
6444.1162109375
1598.49072265625
785.4920654296875
3257.729736328125
616.8230590820312
505.9171447753906
1083.5223388671875
378.1160888671875
203.03526306152344
5546.38427734375
2900.917236328125
218.2222442626953
3862.51025390625
231.65562438964844
10771.7080078125
1353.4208984375
827.468994140625
450.3398742675781
1398.1951904296875
903.6763305664062
2591.874267578125
2128.26416015625
704.4071655273438
302962.96875
812.1771240234375
6404.5029296875
1046.9056396484375
983.8409423828125
298.41046142578125
779.63037109375
1914.5118408203125
6374.64111328125
730.163330078125
4623.42431640625
2776.536865234375
510.68975830078125
404.6009216308594
615.0869140625
5143.02783203125
276.2891845703125
1660.686279296875
9727.5029296875
938.7603149414062
1304.5831298828125
5516.22265625
1781823.375
405.86370849609375
27544.34375
3655605.25
6900.35009765625
4874.38671875
385.40216064453125
725.5267333984375
624.2799072265625
764.2680053710938
108.13899993896484
4996.02392578125
387.2970886230469
234.5897216796875
8312.23046875
4676.99072265625
1993.24658203125
282.9923400878906
323.03704833984375
2374.698486328125
1468.7391357421875
369.2353515625
793.18359375
33777.41796875
410.6847839355469
1198.3048095703125
242.2269744873047
267.64862060546875
11362.6669921875
26053.498046875
871.0923461914062
171.1798095703125
925.77880859375
1039.2861328125
5244.0810546875
1788.9136962890625
280.7064514160156
264.88543701171875
5505.75146484375
1648.0823974609375
5769.7236328125
1572.00634765625
780.1346435546875
3201.736328125
606.5525512695312
501.7001037597656
1074.086181640625
374.6241455078125
200.12355041503906
5523.666015625
2776.939453125
215.6282958984375
3771.0673828125
225.25619506835938
9488.3583984375
1343.2767333984375
814.2894897460938
444.6317443847656
1391.11328125
875.240234375
2584.6474609375
2055.80078125
668.0745239257812
299493.8125
801.7781372070312
6437.6435546875
1032.2607421875
979.1565551757812
291.329833984375
775.0794677734375
1689.314208984375
5936.46923828125
715.8619384765625
4436.81640625
2615.90576171875
506.24981689453125
399.28399658203125
605.3636474609375
4878.63134765625
273.2617492675781
1617.5167236328125
9659.6123046875
910.9421997070312
1260.7269287109375
5179.54150390625
1774205.75
393.2931213378906
27261.677734375
3117697.5
6875.13330078125
4830.45458984375
377.171142578125
708.045166015625
616.9667358398438
753.9010009765625
106.0040512084961
4498.02099609375
377.9888000488281
227.42210388183594
8068.29345703125
4247.97119140625
1927.05224609375
276.61004638671875
318.7694091796875
2285.693603515625
1412.7353515625
347.543701171875
790.230712890625
33605.515625
407.63531494140625
1194.68701171875
238.57415771484375
263.014404296875
10900.1435546875
24501.982421875
855.6106567382812
166.80145263671875
906.4818725585938
1022.9329833984375
4789.8486328125
1771.56396484375
276.8624267578125
261.2926025390625
5190.5205078125
1597.5736083984375
5242.4521484375
1546.0006103515625
776.1825561523438
3149.6064453125
597.423828125
498.7158508300781
1065.9676513671875
371.5998840332031
197.27749633789062
5501.578125
2663.22705078125
213.0391387939453
3687.591796875
220.08970642089844
8424.3076171875
1334.71630859375
802.084228515625
439.3475646972656
1383.9901123046875
849.5001220703125
2578.2744140625
1992.4296875
635.8505249023438
295892.34375
793.5767822265625
6471.642578125
1021.2719116210938
975.89306640625
285.2916564941406
771.2982177734375
1501.537109375
5611.408203125
703.1417236328125
4273.53857421875
2479.274658203125
502.3644104003906
393.9688415527344
597.1541748046875
4661.45166015625
270.1792907714844
1574.1114501953125
9603.1533203125
889.2005615234375
1219.0621337890625
4936.9560546875
1769482.0
381.5242614746094
26988.66015625
2671823.0
6851.61181640625
4789.486328125
369.6099548339844
692.0283813476562
610.6434326171875
744.2459106445312
104.54361724853516
4067.545166015625
370.66278076171875
221.47378540039062
7876.6455078125
3871.8798828125
1865.8726806640625
270.97003173828125
314.8504333496094
2208.734375
1364.5311279296875
328.48907470703125
787.1500244140625
33443.78125
404.28656005859375
1191.5965576171875
235.20346069335938
258.4031982421875
10520.8583984375
23207.173828125
842.1072998046875
163.1602783203125
889.7207641601562
1009.0183715820312
4396.3564453125
1755.9583740234375
273.8974914550781
258.16259765625
4910.59326171875
1552.79443359375
4829.42041015625
1521.0941162109375
772.181884765625
3101.06689453125
589.7407836914062
495.4979553222656
1057.869140625
368.9808654785156
194.98373413085938
5480.31591796875
2557.490966796875
211.21511840820312
3610.19091796875
216.1535186767578
7541.13623046875
1326.612548828125
791.8648071289062
435.5086975097656
1377.656005859375
825.2010498046875
2572.248046875
1935.694580078125
606.885498046875
292138.71875
786.1763305664062
6505.91015625
1011.545654296875
973.034912109375
280.1407470703125
767.5767822265625
1343.89208984375
5362.49951171875
691.9254760742188
4127.50146484375
2360.698486328125
498.5189208984375
389.2803039550781
589.7086791992188
4482.23779296875
267.4930725097656
1530.6033935546875
9555.6572265625
871.891357421875
1179.226318359375
4760.54931640625
1766213.625
370.9856262207031
26723.607421875
2300927.5
6828.798828125
4751.39501953125
362.94268798828125
677.6148071289062
604.6469116210938
735.57568359375
103.06156921386719
3694.90771484375
363.5193786621094
216.14627075195312
7720.39697265625
3541.572998046875
1810.4166259765625
265.7315979003906
311.8300476074219
2142.355712890625
1322.9261474609375
312.04644775390625
784.7012329101562
33291.32421875
401.9066162109375
1188.703125
232.4184112548828
255.50567626953125
10208.1337890625
22114.798828125
830.5465087890625
159.9180145263672
874.3171997070312
995.7154541015625
4054.8330078125
1741.5260009765625
270.96685791015625
255.42848205566406
4658.98388671875
1513.60888671875
4501.43408203125
1496.792724609375
769.6155395507812
3055.646484375
582.717041015625
492.7353515625
1050.0738525390625
366.5635070800781
192.7777862548828
5459.35888671875
2458.6103515625
209.431396484375
3537.471435546875
212.68914794921875
6806.79638671875
1318.654296875
782.6326904296875
431.8474426269531
1371.5732421875
802.584228515625
2566.664794921875
1884.9783935546875
580.1683349609375
288240.4375
780.1258544921875
6539.9736328125
1003.23828125
970.8886108398438
275.6669921875
765.0447387695312
1211.693115234375
5167.17626953125
681.6828002929688
3994.134765625
2256.212890625
495.1174011230469
385.1586608886719
583.6138305664062
4335.0712890625
265.7362060546875
1486.8115234375
9514.9931640625
856.9381103515625
1141.17626953125
4630.67041015625
1763698.75
361.4207763671875
26466.283203125
1991195.875
6807.57861328125
4715.4033203125
356.60821533203125
664.5953369140625
599.4390258789062
726.9088134765625
101.67068481445312
3370.613525390625
357.49530029296875
211.4206085205078
7591.20361328125
3251.4521484375
1758.3316650390625
261.37274169921875
309.01397705078125
2084.865966796875
1286.6556396484375
297.45281982421875
782.5031127929688
33146.87109375
399.6104431152344
1186.452392578125
230.22900390625
252.26437377929688
9948.3271484375
21184.423828125
820.6356201171875
157.27359008789062
860.0296020507812
984.4035034179688
3760.5771484375
1728.498046875
268.64373779296875
252.802490234375
4429.91015625
1478.7069091796875
4239.015625
1474.274658203125
766.69580078125
3014.185791015625
576.079345703125
490.239501953125
1042.1234130859375
364.527587890625
191.066650390625
5439.11328125
2365.96826171875
207.570068359375
3469.286865234375
209.8000030517578
6193.994140625
1310.7862548828125
774.310302734375
429.0513916015625
1365.892822265625
780.7129516601562
2562.4765625
1837.9228515625
556.63916015625
284217.5625
774.843505859375
6574.400390625
994.958740234375
968.9132080078125
271.62640380859375
762.1626586914062
1099.2828369140625
5010.55419921875
672.1828002929688
3872.83056640625
2162.62255859375
492.228759765625
381.0252380371094
578.1569213867188
4213.07568359375
263.8163146972656
1443.4508056640625
9478.6435546875
843.955810546875
1104.27685546875
4533.75732421875
1761597.0
352.4194641113281
26215.59765625
1731479.375
6786.87158203125
4681.20751953125
350.5928649902344
652.5835571289062
593.9430541992188
719.1231689453125
100.76422119140625
3089.583251953125
352.54656982421875
207.42010498046875
7483.4716796875
2995.969970703125
1710.501953125
257.55145263671875
306.26416015625
2034.9029541015625
1254.8211669921875
284.49957275390625
781.3222045898438
33008.37109375
397.3081970214844
1184.731689453125
227.95196533203125
249.64901733398438
9730.1240234375
20383.4609375
811.2896118164062
154.76983642578125
847.1026000976562
973.70361328125
3506.523681640625
1715.4384765625
266.0630798339844
250.88023376464844
4220.5341796875
1447.4930419921875
4025.746337890625
1452.937255859375
764.98388671875
2976.282470703125
570.4486083984375
487.8652648925781
1034.8607177734375
362.9906005859375
189.5028533935547
5419.68212890625
2278.30615234375
206.65171813964844
3404.870849609375
207.2994384765625
5682.5029296875
1302.239013671875
766.7450561523438
426.05950927734375
1360.48193359375
760.2630615234375
2557.673095703125
1794.406982421875
535.07080078125
280096.09375
770.217041015625
6608.13525390625
987.0712280273438
967.4349975585938
268.015625
759.8563842773438
1004.5731811523438
4883.21923828125
663.766845703125
3760.540771484375
2078.243408203125
489.7298583984375
377.1945495605469
573.5225830078125
4113.04638671875
262.2195739746094
1400.76220703125
9446.9580078125
832.831787109375
1069.0322265625
4459.99072265625
1759737.625
344.08905029296875
25970.625
1512803.625
6767.36767578125
4648.40234375
345.2806396484375
642.162841796875
588.5843505859375
710.6836547851562
100.31202697753906
2844.448974609375
347.2576904296875
203.35987854003906
7393.07666015625
2770.47998046875
1665.697021484375
253.5513916015625
304.10650634765625
1991.3841552734375
1226.67822265625
272.6942138671875
779.6959838867188
32875.57421875
395.1830749511719
1183.354248046875
225.61170959472656
247.40225219726562
9544.859375
19687.416015625
803.583740234375
152.77662658691406
835.2609252929688
964.160888671875
3287.41796875
1704.0865478515625
264.27691650390625
248.68043518066406
4028.4287109375
1419.8419189453125
3849.81884765625
1432.408447265625
763.2962646484375
2941.486083984375
565.3865966796875
485.7550354003906
1027.8323974609375
361.31201171875
188.09283447265625
5399.88671875
2195.406982421875
205.0087432861328
3343.029052734375
205.3229217529297
5253.9765625
1293.68505859375
760.2324829101562
423.4774169921875
1355.6146240234375
740.3213500976562
2553.798583984375
1753.2042236328125
515.2881469726562
275904.25
765.605224609375
6641.70458984375
978.5682373046875
965.9417114257812
264.8695983886719
757.7718505859375
923.9212036132812
4778.0078125
656.0914306640625
3656.879150390625
2001.2137451171875
486.9333801269531
373.2985534667969
569.3796997070312
4029.34765625
261.0487365722656
1358.68701171875
9417.955078125
822.2586669921875
1034.843017578125
4402.77734375
1758033.875
336.3153076171875
25731.396484375
1327951.25
6748.51025390625
4618.16796875
340.1684875488281
632.3576049804688
584.3333740234375
703.0341186523438
99.2719497680664
2630.169189453125
342.81097412109375
200.1551055908203
7316.54248046875
2571.249755859375
1624.052978515625
250.18325805664062
301.9458312988281
1952.8958740234375
1201.76708984375
262.6997985839844
778.0449829101562
32748.49609375
392.76055908203125
1181.842041015625
223.8422088623047
245.212646484375
9385.396484375
19075.8359375
795.9337768554688
150.57327270507812
824.1315307617188
955.3827514648438
3098.41162109375
1692.9951171875
262.3738098144531
247.08502197265625
3850.90087890625
1395.328125
3702.448486328125
1413.212890625
762.268798828125
2909.181396484375
560.5755615234375
483.98248291015625
1020.57177734375
359.95562744140625
186.7194061279297
5380.94384765625
2117.460205078125
203.87347412109375
3284.40087890625
203.6487579345703
4893.642578125
1285.0947265625
753.6868286132812
421.23248291015625
1350.8160400390625
721.4606323242188
2550.419189453125
1714.250732421875
497.34283447265625
271669.5625
761.4046630859375
6674.35693359375
969.9251098632812
964.6777954101562
261.9841003417969
755.8225708007812
855.73291015625
4690.84326171875
649.3601684570312
3561.1162109375
1930.394775390625
484.84942626953125
370.0817565917969
565.4935913085938
3959.9794921875
259.5732727050781
1317.46923828125
9391.2021484375
812.592529296875
1002.2509155273438
4357.640625
1756438.5
329.042724609375
25497.01171875
1171109.625
6730.47509765625
4588.8125
335.5135498046875
623.682373046875
579.3731079101562
695.6386108398438
98.81975555419922
2443.820068359375
338.745849609375
197.32962036132812
7250.72802734375
2395.06396484375
1585.140625
247.00283813476562
299.96588134765625
1919.1697998046875
1179.05908203125
253.52024841308594
777.1600341796875
32624.8046875
391.2901611328125
1180.429931640625
221.79444885253906
243.46287536621094
9247.6025390625
18533.90234375
789.3309326171875
148.7527313232422
813.8729858398438
946.545166015625
2934.99755859375
1682.1468505859375
260.32257080078125
245.5333709716797
3687.768310546875
1373.2130126953125
3577.1962890625
1394.9378662109375
761.3289794921875
2879.482666015625
556.3036499023438
482.405517578125
1013.4783325195312
359.1877136230469
185.3776092529297
5362.48681640625
2043.3466796875
202.97665405273438
3228.715087890625
202.31362915039062
4589.24560546875
1275.828369140625
748.0543212890625
419.2331848144531
1345.9698486328125
702.4186401367188
2546.94921875
1677.228515625
481.02716064453125
267418.03125
757.4304809570312
6706.6171875
960.7313842773438
963.597412109375
259.2606201171875
754.146240234375
796.8948974609375
4616.61376953125
642.1817016601562
3471.859375
1864.990234375
482.527587890625
366.7594299316406
562.141845703125
3901.880615234375
258.1812744140625
1277.335205078125
9366.166015625
803.3318481445312
971.4547119140625
4320.828125
1754923.5
322.4880065917969
25267.7421875
1037587.625
6712.9248046875
4560.60400390625
330.6015319824219
615.7465209960938
574.857666015625
687.8648681640625
98.41424560546875
2280.647216796875
334.763427734375
194.7369384765625
7194.58935546875
2238.783447265625
1548.735107421875
243.81649780273438
297.8766174316406
1888.8612060546875
1158.980712890625
245.24594116210938
775.9362182617188
32506.169921875
389.1773986816406
1179.5218505859375
219.98045349121094
242.06541442871094
9125.44140625
18049.248046875
782.6943359375
147.0883026123047
804.7415771484375
939.0127563476562
2793.42822265625
1672.04443359375
258.8083190917969
243.95895385742188
3536.767333984375
1353.2401123046875
3469.95166015625
1377.2501220703125
760.5984497070312
2852.89013671875
551.8294677734375
480.47222900390625
1006.7607421875
357.82611083984375
184.20542907714844
5344.40576171875
1974.0335693359375
201.802734375
3174.953125
201.17051696777344
4330.84326171875
1266.869873046875
743.03759765625
417.54376220703125
1341.671142578125
684.1343994140625
2543.703125
1642.3775634765625
465.7067565917969
263174.375
754.3558959960938
6737.64306640625
951.833984375
962.8331909179688
257.08514404296875
752.7637329101562
746.73291015625
4554.11328125
635.79296875
3389.497314453125
1804.555908203125
480.2192077636719
363.50909423828125
559.2823486328125
3853.158203125
256.8228759765625
1238.3453369140625
9342.71484375
794.3667602539062
941.6763305664062
4290.291015625
1753471.375
316.0913391113281
25042.171875
923584.375
6696.5654296875
4534.046875
326.44659423828125
608.7388916015625
570.5084838867188
680.5826416015625
97.76691436767578
2137.104736328125
331.21600341796875
192.26434326171875
7146.470703125
2100.424072265625
1515.4190673828125
241.2906951904297
296.4383239746094
1861.95166015625
1140.334228515625
237.89222717285156
775.1463623046875
32391.0546875
387.5663146972656
1178.8236083984375
218.552490234375
240.80116271972656
9017.4423828125
17613.33203125
776.7514038085938
145.3755645751953
796.1553955078125
931.923095703125
2670.87451171875
1662.488525390625
257.0086975097656
242.67532348632812
3397.996337890625
1335.2940673828125
3376.199462890625
1360.9317626953125
760.1434326171875
2828.355224609375
547.8375244140625
479.2432556152344
999.6736450195312
357.0153503417969
183.2994384765625
5326.80419921875
1908.521240234375
201.0733184814453
3124.215576171875
200.1298370361328
4110.375
1257.6182861328125
737.9493408203125
415.6367492675781
1337.8096923828125
667.2457275390625
2540.67822265625
1608.57666015625
451.9254455566406
258959.859375
750.9303588867188
6767.43505859375
942.1736450195312
961.8470458984375
254.80877685546875
751.029052734375
703.5799560546875
4500.64501953125
630.0620727539062
3313.639404296875
1747.5662841796875
478.1200866699219
360.8157958984375
556.0352783203125
3811.45947265625
256.20306396484375
1200.65478515625
9320.59375
786.154052734375
913.1001586914062
4264.72998046875
1752070.625
310.28369140625
24821.265625
826001.5625
6680.828125
4508.3916015625
322.3743896484375
601.9898681640625
566.470947265625
673.7092895507812
97.52571868896484
2012.445068359375
328.51263427734375
190.02337646484375
7104.1640625
1976.7447509765625
1483.8465576171875
238.7131805419922
294.7665710449219
1837.5728759765625
1123.67626953125
231.38414001464844
774.185546875
32279.779296875
386.2440185546875
1177.6680908203125
216.69879150390625
239.29188537597656
8919.6298828125
17218.44921875
771.182373046875
143.79598999023438
788.2376098632812
925.2559814453125
2564.586181640625
1653.5140380859375
255.62149047851562
241.45726013183594
3270.00634765625
1318.9229736328125
3293.58056640625
1345.576904296875
760.0185546875
2806.31689453125
544.5569458007812
477.5968017578125
993.17578125
356.07354736328125
182.3583221435547
5309.71875
1847.269287109375
200.0009002685547
3076.14990234375
199.4881134033203
3921.283935546875
1248.438232421875
733.8045043945312
414.1031799316406
1333.89111328125
649.587158203125
2537.935546875
1576.293701171875
438.9466247558594
254793.765625
747.4630737304688
6796.962890625
932.6060791015625
961.1192016601562
252.84228515625
749.7113647460938
666.3905639648438
4454.3955078125
624.8341064453125
3243.5859375
1695.250244140625
475.9902038574219
357.6589050292969
553.5624389648438
3776.11279296875
255.20870971679688
1164.5899658203125
9299.189453125
777.8795776367188
886.233642578125
4242.15869140625
1750712.375
304.6162414550781
24603.771484375
742299.0625
6665.6953125
4484.01806640625
318.5484924316406
595.7909545898438
562.2870483398438
666.062744140625
97.22113037109375
1902.0504150390625
325.4158020019531
187.82386779785156
7066.712890625
1866.9697265625
1453.7264404296875
236.13204956054688
292.9230651855469
1815.527099609375
1107.814697265625
224.92587280273438
773.3963623046875
32172.01953125
384.20867919921875
1177.164794921875
215.1094970703125
238.47528076171875
8830.931640625
16858.150390625
766.2960815429688
142.61094665527344
780.77734375
918.8756713867188
2471.7275390625
1645.2354736328125
254.189208984375
240.31512451171875
3152.516845703125
1304.21875
3220.86767578125
1330.29296875
759.4280395507812
2785.601806640625
541.1046752929688
476.01715087890625
986.7889404296875
355.0610046386719
181.10238647460938
5293.11572265625
1789.314453125
199.1783905029297
3030.22216796875
198.9866485595703
3757.86083984375
1239.281005859375
729.32373046875
412.4620361328125
1329.9725341796875
633.2297973632812
2535.114013671875
1545.9090576171875
427.1156921386719
250693.171875
744.5120849609375
6825.52587890625
923.1678466796875
960.332275390625
251.05812072753906
748.2401733398438
633.6978759765625
4414.09375
619.4024658203125
3178.943115234375
1647.0577392578125
474.2212219238281
354.853271484375
550.98388671875
3745.759033203125
254.0514678955078
1129.6865234375
9278.7412109375
770.2266235351562
860.4093627929688
4222.46142578125
1749391.75
298.99078369140625
24391.2578125
670377.875
6651.23779296875
4460.75048828125
314.6587219238281
590.1611938476562
558.3841552734375
659.53076171875
96.76093292236328
1805.6978759765625
322.6898193359375
185.7557373046875
7033.9267578125
1769.27392578125
1426.4237060546875
234.1947021484375
291.4814147949219
1795.9478759765625
1093.8349609375
219.37045288085938
772.7315673828125
32067.8515625
383.0292053222656
1176.3470458984375
213.56826782226562
237.3048858642578
8750.8408203125
16528.38671875
761.612060546875
141.1529083251953
773.7534790039062
912.9017944335938
2390.487548828125
1636.5152587890625
252.6573028564453
239.57566833496094
3044.83154296875
1291.241943359375
3156.684814453125
1316.8887939453125
759.3472900390625
2767.13720703125
537.6361083984375
474.7135009765625
980.50537109375
354.5225830078125
180.1837615966797
5276.51416015625
1735.0406494140625
198.40530395507812
2986.053955078125
198.05560302734375
3615.65185546875
1230.349853515625
725.3507080078125
411.04119873046875
1326.4814453125
617.2590942382812
2532.6015625
1516.767333984375
416.1964111328125
246671.90625
741.5320434570312
6852.9130859375
913.6393432617188
959.5850830078125
249.41448974609375
747.1758422851562
605.8156127929688
4378.79736328125
614.8126831054688
3119.013916015625
1601.6873779296875
472.4466247558594
352.36297607421875
548.8701171875
3719.32373046875
253.36155700683594
1096.249755859375
9258.8837890625
762.7584228515625
835.951416015625
4204.8681640625
1748103.75
293.9076843261719
24181.927734375
608494.625
6637.43212890625
4438.44091796875
311.2605285644531
584.842041015625
554.0858764648438
652.3618774414062
96.75459289550781
1721.103271484375
320.194091796875
183.9088134765625
7004.47119140625
1681.4642333984375
1400.29736328125
231.83193969726562
289.89105224609375
1777.5760498046875
1080.9583740234375
213.99929809570312
772.1128540039062
31966.9921875
381.8050537109375
1175.6385498046875
212.39767456054688
236.606201171875
8676.177734375
16226.0556640625
756.9951782226562
139.82577514648438
767.6434936523438
907.7474975585938
2320.010498046875
1628.8924560546875
251.43228149414062
238.32669067382812
2945.908447265625
1278.556884765625
3098.033203125
1303.0177001953125
758.8623657226562
2750.307861328125
534.543212890625
473.5221862792969
974.3662719726562
353.98870849609375
179.55909729003906
5261.06787109375
1684.2352294921875
197.8126983642578
2944.902587890625
197.64749145507812
3491.745361328125
1221.94482421875
721.8973999023438
409.41424560546875
1323.1064453125
601.8234252929688
2530.293212890625
1489.1741943359375
406.0831298828125
242743.40625
738.9946899414062
6879.26220703125
904.512451171875
959.273681640625
248.04307556152344
745.8992919921875
581.6531982421875
4347.4765625
609.8458251953125
3064.114013671875
1559.5843505859375
470.6892395019531
349.83636474609375
546.552734375
3696.03515625
252.41549682617188
1064.181396484375
9239.5146484375
755.6157836914062
812.4140625
4188.3388671875
1746847.0
288.9252624511719
23976.671875
555188.875
6624.0439453125
4417.06787109375
307.8108215332031
580.3226928710938
550.6280517578125
645.9979248046875
96.57390594482422
1646.0880126953125
317.8564147949219
182.06405639648438
6978.56884765625
1602.322998046875
1376.010498046875
229.8461151123047
288.79302978515625
1760.9573974609375
1068.30810546875
209.52597045898438
771.1157836914062
31869.01171875
380.2240905761719
1175.450927734375
210.78094482421875
235.5357208251953
8607.2724609375
15947.2119140625
752.853515625
139.04127502441406
761.9432983398438
902.4554443359375
2257.968505859375
1621.4942626953125
250.188232421875
237.2791748046875
2855.998046875
1267.49072265625
3046.31494140625
1290.63818359375
759.1779174804688
2735.107421875
531.82470703125
472.31829833984375
968.2957763671875
353.15118408203125
178.66424560546875
5245.84033203125
1636.435791015625
196.9878692626953
2905.783203125
197.1537322998047
3383.082763671875
1213.405517578125
718.3424072265625
408.2394714355469
1320.007080078125
587.5341186523438
2527.9794921875
1462.703369140625
396.93463134765625
238917.390625
736.7398681640625
6904.74755859375
895.0277099609375
958.949462890625
246.5886688232422
744.8931274414062
559.931884765625
4319.60546875
605.00390625
3012.968505859375
1520.7203369140625
468.97210693359375
347.2786560058594
544.4429931640625
3676.14794921875
251.72341918945312
1033.406982421875
9221.0986328125
748.6290283203125
790.8703002929688
4173.62451171875
1745619.0
284.5055236816406
23775.669921875
509230.03125
6611.4892578125
4396.6142578125
304.54400634765625
575.2471313476562
546.80126953125
639.2080078125
96.15904235839844
1580.617431640625
315.8857727050781
180.4558868408203
6954.8251953125
1531.795166015625
1353.588134765625
227.82984924316406
287.3988037109375
1745.1973876953125
1056.697509765625
204.83155822753906
770.6121215820312
31774.708984375
378.7701110839844
1174.46533203125
209.40609741210938
235.02468872070312
8542.9443359375
15689.72265625
748.8753051757812
137.5006103515625
756.1057739257812
897.296630859375
2203.21240234375
1614.0667724609375
248.84616088867188
236.41943359375
2773.77734375
1257.1396484375
2999.077392578125
1278.967041015625
759.2283935546875
2721.043701171875
528.6336059570312
470.8854675292969
962.8388061523438
352.3883056640625
177.54898071289062
5231.1201171875
1592.2596435546875
196.41729736328125
2868.829833984375
196.83592224121094
3286.204833984375
1205.2457275390625
714.9590454101562
406.8162841796875
1316.968505859375
573.34521484375
2525.531982421875
1437.5576171875
388.333984375
235202.6875
734.0615844726562
6928.7763671875
886.1884765625
957.7694091796875
245.0855712890625
743.5485229492188
541.215576171875
4294.9541015625
601.1201782226562
2965.878662109375
1484.7879638671875
467.4455261230469
344.9515075683594
542.994140625
3658.2451171875
251.04164123535156
1004.1292724609375
9202.46484375
742.2259521484375
769.8350219726562
4159.50048828125
1744419.0
280.310791015625
23579.283203125
469577.15625
6599.4384765625
4376.84814453125
301.6152648925781
571.08935546875
543.1710815429688
632.9443969726562
96.2034912109375
1522.247802734375
313.64788818359375
179.2686004638672
6933.61279296875
1468.1099853515625
1332.131103515625
226.5336151123047
286.1551818847656
1730.7020263671875
1046.4022216796875
200.93972778320312
770.1309204101562
31684.37109375
377.853271484375
1173.9051513671875
208.05137634277344
234.10076904296875
8483.73828125
15452.162109375
745.2473754882812
136.70619201660156
750.9453735351562
892.836181640625
2154.679931640625
1607.0750732421875
247.60523986816406
235.66732788085938
2698.892578125
1247.227294921875
2956.691162109375
1267.207275390625
758.9434204101562
2708.2216796875
525.6795654296875
469.7838439941406
957.1253051757812
351.7574768066406
176.9453887939453
5216.865234375
1551.0867919921875
195.66456604003906
2833.69384765625
196.5545196533203
3201.18603515625
1197.593994140625
711.8902587890625
405.56695556640625
1314.078125
559.4346923828125
2522.940673828125
1414.037353515625
380.05560302734375
231606.671875
731.5816040039062
6952.64111328125
877.6837768554688
957.0951538085938
243.91168212890625
742.7338256835938
524.7512817382812
4273.15234375
597.025390625
2923.29150390625
1451.553955078125
465.75506591796875
342.8938903808594
541.0859985351562
3642.281982421875
250.02764892578125
976.6537475585938
9185.478515625
735.5808715820312
750.4445190429688
4146.7158203125
1743246.5
276.3407897949219
23387.287109375
435343.65625
6588.28515625
4358.11083984375
298.60308837890625
566.9661254882812
540.0556030273438
626.89990234375
95.82543182373047
1470.832275390625
311.7693786621094
177.7508544921875
6913.6123046875
1410.4036865234375
1312.3309326171875
225.02554321289062
285.2192077636719
1717.7686767578125
1036.4326171875
197.5735321044922
769.56201171875
31597.30078125
376.4860534667969
1173.7314453125
206.7455291748047
233.36343383789062
8428.064453125
15232.30078125
741.4590454101562
135.65553283691406
746.2067260742188
888.4353637695312
2112.55908203125
1600.8814697265625
246.8850555419922
235.01736450195312
2631.077392578125
1238.486083984375
2917.98681640625
1256.58154296875
759.4376220703125
2696.453857421875
523.1739501953125
468.4388732910156
951.978271484375
351.3168029785156
176.1474609375
5203.41015625
1512.6331787109375
194.94549560546875
2800.760498046875
196.24725341796875
3124.7060546875
1189.7310791015625
708.6537475585938
404.45257568359375
1311.263427734375
546.8723754882812
2521.095703125
1391.765625
372.43963623046875
228136.40625
729.40185546875
6974.69873046875
869.0459594726562
956.7613525390625
242.7255401611328
741.7793579101562
510.45709228515625
4252.9150390625
593.2002563476562
2882.9873046875
1420.557861328125
464.475830078125
340.6181640625
539.4000854492188
3627.86328125
249.4810791015625
950.3306884765625
9168.5234375
729.7658081054688
732.0785522460938
4134.8544921875
1742102.0
272.3916320800781
23200.24609375
405772.96875
6577.16552734375
4340.3203125
295.8587951660156
563.2405395507812
537.0989379882812
621.0565185546875
95.63472747802734
1425.7608642578125
309.9426574707031
176.78350830078125
6895.3681640625
1358.005615234375
1293.4285888671875
223.29434204101562
283.8934631347656
1705.4232177734375
1026.8515625
194.02626037597656
769.0716552734375
31513.259765625
375.62261962890625
1173.327392578125
205.6944122314453
233.07240295410156
8376.1796875
15028.8759765625
738.3219604492188
134.61666870117188
742.1934204101562
884.3343505859375
2074.8173828125
1594.4073486328125
245.62452697753906
234.23646545410156
2569.48876953125
1230.4873046875
2883.7431640625
1246.6700439453125
759.4610595703125
2685.94580078125
520.3899536132812
467.4234924316406
946.6613159179688
350.6949462890625
175.49720764160156
5190.22509765625
1476.67578125
194.1904754638672
2769.467529296875
196.08946228027344
3056.4521484375
1182.201416015625
705.82568359375
403.31048583984375
1308.336669921875
534.1783447265625
2519.157958984375
1370.5693359375
365.6298522949219
224795.421875
727.1541748046875
6996.15625
861.0244140625
956.160400390625
241.712158203125
740.6420288085938
497.32122802734375
4234.60009765625
589.2459716796875
2846.543212890625
1391.970947265625
463.083984375
338.7978515625
537.9501342773438
3615.04931640625
248.94573974609375
925.6921997070312
9152.169921875
724.0994873046875
715.135009765625
4123.310546875
1740986.25
268.91680908203125
23018.283203125
380218.09375
6567.28125
4323.32861328125
293.3581237792969
559.8567504882812
534.1691284179688
615.448486328125
95.41144561767578
1385.6915283203125
308.1798095703125
175.43861389160156
6878.33935546875
1310.9215087890625
1275.930908203125
221.51356506347656
283.0656433105469
1694.1446533203125
1017.9395141601562
190.76470947265625
768.5726928710938
31432.771484375
374.38055419921875
1172.672607421875
204.4471893310547
232.3624267578125
8327.7275390625
14841.2529296875
735.6709594726562
133.90663146972656
738.005126953125
880.41357421875
2041.35888671875
1588.3785400390625
244.6341094970703
233.45579528808594
2513.36328125
1223.3392333984375
2851.9599609375
1237.0159912109375
759.6192016601562
2676.15576171875
518.1192626953125
466.5370788574219
941.9893798828125
350.2131042480469
174.78793334960938
5177.7265625
1443.577392578125
193.6376953125
2740.68603515625
195.70472717285156
2995.270751953125
1175.3995361328125
703.24951171875
402.3391418457031
1305.7679443359375
522.5309448242188
2517.093017578125
1350.5250244140625
359.19036865234375
221588.46875
725.16796875
7016.41455078125
853.4035034179688
955.615478515625
240.63914489746094
739.7672729492188
485.9491271972656
4218.19287109375
585.9714965820312
2812.94970703125
1365.879150390625
461.72747802734375
336.9872741699219
536.3515625
3603.009033203125
248.5063018798828
902.2103881835938
9136.109375
718.3348999023438
699.0784912109375
4112.4775390625
1739900.375
265.6282043457031
22841.1015625
358124.0625
6557.642578125
4307.2998046875
290.7562255859375
556.5032348632812
531.2222900390625
609.9498901367188
95.43861389160156
1349.55517578125
306.6995849609375
174.02426147460938
6863.02587890625
1268.00927734375
1259.509033203125
220.5124053955078
282.0184631347656
1683.2552490234375
1009.7330322265625
188.0279083251953
767.8425903320312
31355.619140625
373.4449157714844
1172.440673828125
203.40289306640625
231.61854553222656
8281.65625
14667.486328125
732.6448364257812
133.01223754882812
734.0702514648438
876.783447265625
2011.54248046875
1582.755859375
243.635986328125
232.9109649658203
2462.52099609375
1216.4986572265625
2822.9404296875
1227.7802734375
759.819091796875
2667.4111328125
515.8323364257812
465.68701171875
937.3650512695312
349.7428894042969
174.2654266357422
5165.9765625
1412.78076171875
192.9814453125
2713.140869140625
195.61219787597656
2940.005126953125
1168.904541015625
700.755859375
401.16912841796875
1303.53369140625
511.77850341796875
2515.097412109375
1331.6612548828125
353.4231262207031
218519.0625
723.0943603515625
7035.5927734375
846.1445922851562
955.0580444335938
239.77316284179688
738.6539306640625
475.8111572265625
4203.1708984375
582.7054443359375
2781.735595703125
1341.672119140625
460.42388916015625
335.18408203125
534.8850708007812
3592.2119140625
247.7932891845703
880.5941772460938
9121.255859375
712.936279296875
684.3107299804688
4102.798828125
1738846.0
262.5269470214844
22670.5546875
339013.4375
6548.6513671875
4291.55712890625
288.4338684082031
553.7200317382812
528.5042114257812
604.7693481445312
95.221435546875
1318.202392578125
305.4049072265625
173.10350036621094
6848.57421875
1229.05419921875
1244.558837890625
219.1603546142578
281.12603759765625
1673.4342041015625
1002.355224609375
185.1633758544922
767.4993286132812
31282.166015625
372.2197265625
1171.63037109375
202.27090454101562
231.3351593017578
8238.9873046875
14506.6552734375
730.0281372070312
132.20143127441406
730.4586181640625
873.50390625
1984.7774658203125
1577.2955322265625
242.71363830566406
232.22962951660156
2416.30908203125
1210.1483154296875
2797.25732421875
1219.1683349609375
759.7010498046875
2659.421142578125
513.701416015625
464.6981201171875
933.0982055664062
349.2430419921875
173.78773498535156
5154.45947265625
1384.2119140625
192.65757751464844
2687.9951171875
195.72283935546875
2889.82568359375
1162.629150390625
698.4990844726562
400.12200927734375
1301.1708984375
501.7144775390625
2513.075439453125
1314.136962890625
348.12060546875
215589.46875
721.3615112304688
7053.7529296875
839.662109375
954.537353515625
238.99896240234375
737.7265014648438
466.8673400878906
4189.748046875
579.9317626953125
2753.0087890625
1319.4569091796875
459.11798095703125
333.3517150878906
533.7675170898438
3582.515380859375
247.09861755371094
859.8062133789062
9106.33203125
708.3412475585938
670.3396606445312
4092.935791015625
1737824.125
259.787353515625
22505.263671875
322477.3125
6539.9384765625
4277.203125
286.1686096191406
551.001953125
525.9003295898438
599.44287109375
94.99151611328125
1290.226318359375
304.1066589355469
172.06585693359375
6834.62451171875
1193.8275146484375
1230.1634521484375
218.29498291015625
280.0893859863281
1664.495361328125
994.7125244140625
182.79415893554688
767.3267822265625
31212.392578125
371.4083557128906
1171.203369140625
201.3960418701172
230.96524047851562
8199.080078125
14358.1513671875
727.3126831054688
131.43080139160156
727.5466918945312
870.0595703125
1961.21044921875
1572.3773193359375
242.03761291503906
231.5477752685547
2374.85400390625
1204.370849609375
2773.7255859375
1211.19970703125
759.94482421875
2652.10009765625
511.341796875
463.8143005371094
929.0806884765625
348.8006286621094
172.94219970703125
5143.47265625
1357.6151123046875
191.8583526611328
2664.1767578125
195.16905212402344
2844.565673828125
1156.3447265625
696.0421752929688
399.5487976074219
1299.0379638671875
491.71185302734375
2511.57373046875
1297.8319091796875
342.95361328125
212801.609375
719.4452514648438
7071.099609375
832.8843994140625
954.2758178710938
238.14231872558594
737.0484008789062
458.6282043457031
4176.67578125
576.5596923828125
2726.317138671875
1299.4228515625
457.97723388671875
331.7008972167969
532.4158325195312
3573.37255859375
246.6327667236328
840.4769287109375
9091.7138671875
703.3446044921875
657.111328125
4083.99853515625
1736836.875
256.56390380859375
22346.603515625
308163.625
6531.5703125
4262.93896484375
284.0646057128906
548.16455078125
523.4225463867188
594.8217163085938
94.99954223632812
1265.6168212890625
303.0860290527344
171.1239776611328
6821.724609375
1161.798095703125
1217.277099609375
217.11744689941406
279.3889465332031
1655.718505859375
988.0821533203125
180.47891235351562
766.68994140625
31146.03125
370.2525634765625
1171.1890869140625
200.57659912109375
230.42698669433594
8162.017578125
14221.759765625
724.8817138671875
130.8939666748047
724.4378051757812
867.2006225585938
1940.0758056640625
1567.570068359375
241.03538513183594
231.21131896972656
2337.12646484375
1198.8388671875
2752.384033203125
1203.99560546875
760.162353515625
2645.613525390625
509.376953125
462.9268798828125
924.9732055664062
348.3378601074219
172.49960327148438
5133.62646484375
1333.783935546875
191.45252990722656
2642.42919921875
195.11477661132812
2803.61279296875
1150.64404296875
693.9468994140625
398.3175048828125
1297.36865234375
482.9991149902344
2510.224609375
1282.4185791015625
338.2344055175781
210157.234375
718.0504150390625
7086.720703125
826.7396850585938
953.8858032226562
237.30636596679688
736.2821655273438
451.6306457519531
4164.9306640625
573.8970947265625
2702.30322265625
1280.515869140625
456.9017333984375
330.3105773925781
531.3758544921875
3565.06494140625
246.57936096191406
822.7054443359375
9078.458984375
699.0626831054688
645.02392578125
4075.382080078125
1735886.375
254.13131713867188
22194.01171875
295769.5
6524.3037109375
4249.77880859375
282.2623596191406
545.3220825195312
521.0451049804688
590.1007080078125
94.64497375488281
1243.2034912109375
302.13922119140625
170.4688262939453
6809.97509765625
1132.329833984375
1204.815185546875
216.0727081298828
278.8177490234375
1647.4979248046875
981.7215576171875
178.22926330566406
766.2848510742188
31083.0625
369.2096252441406
1170.6595458984375
199.5602264404297
230.09164428710938
8127.5625
14096.0224609375
723.0797119140625
130.1842803955078
721.7149047851562
864.3521728515625
1920.7828369140625
1563.0142822265625
240.5010528564453
230.43141174316406
2303.6484375
1194.362548828125
2733.07080078125
1196.943115234375
760.643310546875
2639.60498046875
507.44805908203125
462.1910095214844
921.430419921875
348.00433349609375
172.00918579101562
5124.1181640625
1311.1856689453125
191.11642456054688
2621.728515625
194.9811553955078
2766.3232421875
1145.52783203125
692.3723754882812
397.69482421875
1295.3046875
474.97802734375
2508.8251953125
1268.1455078125
334.01025390625
207657.953125
716.5950927734375
7102.2763671875
821.3402709960938
953.614990234375
236.85914611816406
735.8289794921875
445.25469970703125
4154.46630859375
570.9782104492188
2679.388916015625
1263.548828125
455.99749755859375
328.56646728515625
530.449462890625
3557.150390625
245.7408447265625
806.1878662109375
9065.5185546875
694.7891235351562
634.0413818359375
4067.92626953125
1734973.875
251.7798614501953
22048.517578125
285035.84375
6516.9755859375
4237.17724609375
280.138671875
543.40234375
519.3810424804688
585.7843627929688
94.83767700195312
1223.694580078125
300.98797607421875
169.5712432861328
6798.8857421875
1105.2567138671875
1193.0306396484375
214.9278564453125
277.9580078125
1640.2357177734375
975.8276977539062
176.2329864501953
765.9790649414062
31023.390625
368.5374450683594
1170.1868896484375
198.71560668945312
229.61854553222656
8094.94921875
13980.6298828125
720.8935546875
129.5988006591797
719.3204956054688
861.89599609375
1903.807373046875
1558.8153076171875
239.905029296875
229.89466857910156
2272.592041015625
1189.40283203125
2715.39794921875
1190.06787109375
760.7424926757812
2634.36767578125
505.6484680175781
461.27789306640625
918.0731201171875
347.41668701171875
171.43150329589844
5115.060546875
1290.8463134765625
190.65797424316406
2602.75341796875
194.82008361816406
2732.404052734375
1140.5029296875
689.95068359375
397.01495361328125
1293.615234375
467.1199035644531
2506.705810546875
1254.6917724609375
330.1568603515625
205302.921875
715.2352294921875
7116.55224609375
815.8665771484375
952.80322265625
235.9985809326172
734.919921875
439.349853515625
4144.67529296875
568.6349487304688
2658.76953125
1247.5830078125
454.91796875
327.3932189941406
529.7665405273438
3550.093505859375
245.4012908935547
790.5971069335938
9053.3720703125
690.821533203125
623.9086303710938
4060.544677734375
1734102.0
249.79464721679688
21909.947265625
275739.21875
6510.60986328125
4225.544921875
278.41766357421875
540.9013061523438
516.83154296875
581.7067260742188
94.39566802978516
1205.9915771484375
300.0022277832031
168.8939971923828
6788.599609375
1080.9971923828125
1182.29833984375
214.146728515625
277.1004943847656
1633.6580810546875
970.2879028320312
174.4016876220703
765.563232421875
30967.259765625
367.71661376953125
1169.973388671875
197.88345336914062
229.29840087890625
8065.06103515625
13874.802734375
719.162841796875
129.20449829101562
716.9564819335938
859.7018432617188
1888.72021484375
1554.9287109375
239.15126037597656
229.6521759033203
2245.238525390625
1185.316162109375
2699.28173828125
1184.1470947265625
760.8388671875
2629.381103515625
503.93304443359375
460.72662353515625
914.6868896484375
347.28057861328125
171.0170440673828
5106.611328125
1272.021728515625
190.29110717773438
2585.622314453125
194.91111755371094
2701.658203125
1135.805419921875
688.566650390625
396.4396057128906
1292.2247314453125
460.0502624511719
2505.5712890625
1242.3072509765625
326.5947265625
203094.421875
713.6959838867188
7129.45703125
810.8424682617188
952.7603759765625
235.62196350097656
734.4105224609375
434.22198486328125
4135.708984375
566.6402587890625
2640.38427734375
1233.425537109375
453.9765319824219
326.2359924316406
528.4738159179688
3543.52001953125
245.17039489746094
776.228759765625
9041.826171875
687.503662109375
614.2595825195312
4053.617919921875
1733273.0
247.35569763183594
21778.890625
267687.75
6504.51171875
4214.47021484375
276.92144775390625
539.3154907226562
515.4488525390625
578.1734619140625
94.37667083740234
1190.4462890625
299.3871765136719
167.95230102539062
6778.61767578125
1059.308349609375
1172.7701416015625
213.18653869628906
276.4010925292969
1627.1533203125
965.5177612304688
172.88992309570312
765.3279418945312
30914.849609375
366.9510498046875
1169.729736328125
197.4925537109375
229.0009002685547
8037.5029296875
13777.90625
717.35205078125
128.7161407470703
715.0291137695312
857.6688232421875
1875.198486328125
1551.3134765625
238.57579040527344
229.2095489501953
2220.5908203125
1181.8470458984375
2684.8828125
1178.47021484375
761.1031494140625
2624.849609375
502.38818359375
460.299072265625
911.8790893554688
346.9366760253906
170.63546752929688
5098.47998046875
1255.1884765625
189.76870727539062
2569.3173828125
194.87168884277344
2673.95849609375
1131.6815185546875
687.2341918945312
395.8968505859375
1290.88623046875
453.0909729003906
2504.2861328125
1230.7510986328125
323.17486572265625
201032.109375
712.31640625
7141.3984375
806.1078491210938
952.4866333007812
234.92112731933594
733.5453491210938
429.31280517578125
4127.3623046875
564.7392578125
2622.917724609375
1220.4613037109375
453.3418273925781
325.0309143066406
527.7112426757812
3537.624755859375
244.85292053222656
763.1210327148438
9030.42578125
683.6725463867188
605.8662719726562
4047.286865234375
1732488.0
245.6456756591797
21654.94140625
260718.03125
6499.06298828125
4204.22216796875
275.31768798828125
536.9677734375
513.3901977539062
574.59326171875
94.57630920410156
1176.8125
298.1410827636719
167.5304412841797
6769.359375
1038.9127197265625
1163.5970458984375
212.4180908203125
276.00299072265625
1621.0050048828125
960.5231323242188
171.0891876220703
764.7313232421875
30866.041015625
366.22607421875
1169.475830078125
196.78529357910156
228.67645263671875
8011.74169921875
13689.931640625
715.5894775390625
128.04873657226562
712.630859375
855.3102416992188
1862.5784912109375
1547.8465576171875
238.10861206054688
228.95948791503906
2198.44287109375
1178.232177734375
2671.7626953125
1173.26513671875
761.3093872070312
2621.0830078125
501.0344543457031
459.7184753417969
909.3049926757812
346.4803161621094
170.19561767578125
5091.31689453125
1239.3365478515625
189.403564453125
2554.653564453125
194.59886169433594
2648.552001953125
1127.7987060546875
685.3410034179688
395.29193115234375
1289.09033203125
447.0162353515625
2503.08740234375
1220.4222412109375
319.9532165527344
199114.921875
711.1676025390625
7152.5537109375
801.9962158203125
951.916015625
234.5712890625
733.4454956054688
425.1064147949219
4119.91552734375
562.0939331054688
2606.87646484375
1208.301513671875
452.4831848144531
323.9014892578125
527.1403198242188
3531.897705078125
244.76116943359375
750.9913940429688
9020.388671875
680.6224975585938
597.8793334960938
4041.366455078125
1731749.75
243.8466033935547
21539.197265625
254688.984375
6493.818359375
4194.865234375
274.1257629394531
535.2406616210938
511.67718505859375
570.9549560546875
94.16665649414062
1164.099853515625
297.2872619628906
167.0364532470703
6761.08203125
1020.9544067382812
1155.2960205078125
211.7484588623047
275.44891357421875
1615.9681396484375
956.1693115234375
169.62986755371094
764.5626831054688
30820.84375
365.5440979003906
1169.101318359375
196.05819702148438
228.64248657226562
7988.0927734375
13610.1767578125
714.114013671875
127.60784149169922
711.03662109375
853.7645874023438
1851.60791015625
1544.7855224609375
237.53466796875
228.42575073242188
2178.15673828125
1174.8094482421875
2659.900390625
1168.2337646484375
761.4489135742188
2617.06494140625
499.2244567871094
458.96392822265625
906.70654296875
346.0521240234375
170.04441833496094
5084.2734375
1225.228271484375
189.2150421142578
2541.318115234375
194.32708740234375
2625.725341796875
1123.7637939453125
683.88818359375
394.49615478515625
1287.885986328125
441.4490051269531
2501.809814453125
1210.7418212890625
317.22711181640625
197343.25
710.1116333007812
7163.0400390625
798.0887451171875
951.4491577148438
234.26551818847656
732.7275390625
421.3807373046875
4112.82470703125
560.5681762695312
2592.813720703125
1197.945556640625
451.8666687011719
322.7929382324219
526.195556640625
3526.702392578125
244.0821990966797
740.0127563476562
9010.5205078125
677.4213256835938
590.608154296875
4035.92041015625
1731059.375
242.26014709472656
21431.671875
249479.96875
6488.8271484375
4186.04150390625
272.8234558105469
533.6238403320312
510.0464782714844
568.1212158203125
94.27246856689453
1153.0860595703125
296.77264404296875
166.3287811279297
6753.150390625
1004.4421997070312
1147.5396728515625
211.53463745117188
274.7084655761719
1611.1666259765625
952.2182006835938
168.78866577148438
764.412353515625
30779.283203125
365.1605224609375
1169.2542724609375
195.60137939453125
228.22811889648438
7966.72607421875
13537.5869140625
712.8676147460938
127.17703247070312
709.697509765625
851.8169555664062
1842.031494140625
1541.713134765625
236.95216369628906
228.08792114257812
2160.7783203125
1171.8968505859375
2648.704833984375
1164.21435546875
761.8600463867188
2614.109619140625
497.91961669921875
458.3849182128906
904.5444946289062
345.9367980957031
169.55628967285156
5078.28564453125
1212.1455078125
188.8612518310547
2529.028076171875
194.21461486816406
2605.166259765625
1120.4161376953125
682.4893798828125
394.3614807128906
1286.886962890625
436.6022644042969
2500.8427734375
1201.7725830078125
314.9031066894531
195715.84375
709.201171875
7172.18603515625
794.3525390625
951.39306640625
233.7276611328125
731.9251098632812
417.9200134277344
4106.63037109375
558.7078247070312
2579.6171875
1188.1043701171875
451.333984375
321.9101867675781
525.9141845703125
3522.3037109375
243.94065856933594
730.0423583984375
9001.5400390625
674.7645874023438
584.0215454101562
4030.35400390625
1730418.5
240.74847412109375
21331.740234375
244988.1875
6484.59375
4178.1123046875
271.6507873535156
532.4282836914062
509.0335388183594
565.1844482421875
94.1869888305664
1143.6201171875
296.6490783691406
166.21762084960938
6745.9951171875
990.2547607421875
1140.76220703125
210.73487854003906
274.4602966308594
1606.7392578125
948.8565063476562
167.4166717529297
764.0780029296875
30741.140625
364.4439392089844
1168.5633544921875
195.01815795898438
228.1210479736328
7947.14990234375
13473.22265625
711.552001953125
126.78265380859375
708.2039794921875
850.2554321289062
1833.1754150390625
1539.228759765625
236.99949645996094
227.89047241210938
2145.07568359375
1169.629638671875
2639.65283203125
1160.0797119140625
761.8518676757812
2611.348388671875
497.0841369628906
457.9602966308594
902.3258056640625
345.6764831542969
169.3512725830078
5072.72216796875
1200.924072265625
188.58412170410156
2517.993408203125
194.31211853027344
2586.751953125
1117.2823486328125
681.8103637695312
393.7617492675781
1285.953125
432.23089599609375
2499.825927734375
1193.801025390625
312.5408020019531
194231.5
708.2072143554688
7180.62451171875
791.1217651367188
951.2073364257812
233.25442504882812
731.4710083007812
415.2633972167969
4100.76611328125
557.1757202148438
2568.10888671875
1179.1923828125
450.6492614746094
321.1908874511719
525.2073364257812
3517.832275390625
243.94747924804688
720.8897094726562
8993.283203125
672.2141723632812
578.119384765625
4025.509765625
1729828.375
239.62167358398438
21240.6015625
241124.953125
6480.669921875
4170.7099609375
270.406982421875
531.0818481445312
507.6099853515625
562.6434326171875
93.91948699951172
1134.727294921875
295.9293518066406
165.48858642578125
6739.21923828125
976.989013671875
1134.28955078125
210.32147216796875
274.0384826660156
1602.7147216796875
945.682373046875
166.6657257080078
763.8569946289062
30706.197265625
363.7117004394531
1168.4825439453125
194.5931854248047
227.8826141357422
7929.30517578125
13414.7890625
710.5780639648438
126.54853820800781
706.7717895507812
848.880126953125
1825.404541015625
1537.01806640625
236.1381378173828
227.45120239257812
2130.7451171875
1166.9053955078125
2630.727783203125
1156.489013671875
761.6654052734375
2608.927734375
495.7425842285156
457.52752685546875
900.3203735351562
345.2416076660156
169.05999755859375
5067.42431640625
1190.513427734375
188.35948181152344
2507.95703125
194.04986572265625
2570.1162109375
1114.44287109375
680.2706298828125
393.34893798828125
1284.799560546875
427.9676513671875
2499.054931640625
1186.543701171875
310.9343566894531
192888.5
707.4681396484375
7188.8603515625
788.2802124023438
951.0562744140625
233.14230346679688
731.60546875
412.7027587890625
4095.612060546875
555.9506225585938
2557.1953125
1171.56787109375
450.0251159667969
320.3334045410156
524.901611328125
3514.094482421875
243.49298095703125
713.1806030273438
8985.8076171875
670.3903198242188
572.8935546875
4021.7080078125
1729290.375
238.4929656982422
21157.466796875
237814.796875
6477.46044921875
4163.76513671875
269.6019287109375
530.215576171875
506.4995422363281
560.56640625
94.09445190429688
1127.69580078125
295.5025634765625
165.1649627685547
6733.6337890625
965.11474609375
1129.1536865234375
209.92247009277344
273.4660339355469
1598.99853515625
942.6387329101562
165.5294189453125
763.67333984375
30674.93359375
363.3722229003906
1168.2030029296875
194.10003662109375
227.68441772460938
7913.6240234375
13363.2294921875
709.7682495117188
126.20952606201172
705.4978637695312
847.5702514648438
1818.359619140625
1534.775634765625
235.87408447265625
227.25379943847656
2118.996337890625
1164.7996826171875
2623.328125
1153.2271728515625
762.0440063476562
2606.614990234375
494.8916320800781
457.29766845703125
898.6053466796875
345.19635009765625
168.8030548095703
5062.9755859375
1181.6290283203125
188.02769470214844
2499.5263671875
194.05067443847656
2555.45654296875
1111.805419921875
679.4546508789062
392.8821716308594
1284.0013427734375
424.2764892578125
2497.876220703125
1180.1597900390625
309.012939453125
191684.78125
706.7938232421875
7195.2275390625
785.8392944335938
950.533203125
232.7321014404297
731.1360473632812
410.4619140625
4091.335205078125
554.6886596679688
2548.399658203125
1164.8753662109375
449.5341491699219
319.85821533203125
524.0725708007812
3510.477294921875
243.26654052734375
705.8602905273438
8979.1611328125
667.9317016601562
568.3817138671875
4017.977783203125
1728804.375
237.23147583007812
21082.24609375
234992.375
6473.97802734375
4158.1962890625
268.67034912109375
528.8017578125
505.5423278808594
558.2877807617188
94.03125
1121.0172119140625
294.929931640625
164.62583923339844
6728.3623046875
954.8316650390625
1123.98388671875
209.16310119628906
273.2892761230469
1595.7977294921875
939.8936157226562
164.76258850097656
763.4107666015625
30647.263671875
362.82330322265625
1168.0455322265625
193.70603942871094
227.68223571777344
7899.42919921875
13317.78125
708.6458740234375
126.0634765625
704.4992065429688
846.6080322265625
1812.071044921875
1532.9359130859375
235.55252075195312
227.06402587890625
2108.0986328125
1163.0224609375
2616.56396484375
1150.037841796875
761.9440307617188
2604.307373046875
493.892333984375
456.8358154296875
897.2275390625
344.8351745605469
168.52110290527344
5058.9775390625
1173.7152099609375
188.0387725830078
2491.72509765625
193.87538146972656
2542.797607421875
1109.6004638671875
678.7950439453125
392.835693359375
1283.2442626953125
421.168212890625
2497.2744140625
1174.5015869140625
307.3336181640625
190617.75
706.25537109375
7200.9130859375
783.2243041992188
950.4537353515625
232.4380340576172
730.5419311523438
408.1708679199219
4086.707275390625
553.6355590820312
2539.84765625
1158.9735107421875
449.18890380859375
319.25274658203125
523.6828002929688
3507.572509765625
243.18934631347656
699.6847534179688
8973.1953125
666.07275390625
564.6906127929688
4014.481201171875
1728371.875
236.4468994140625
21015.958984375
232602.59375
6471.33984375
4152.81298828125
267.95550537109375
527.8876342773438
504.93011474609375
556.5921630859375
93.8321304321289
1115.17919921875
294.7498474121094
164.2945556640625
6723.48583984375
945.9519653320312
1119.6259765625
209.02383422851562
272.85076904296875
1593.12255859375
937.9111328125
163.96759033203125
763.2913818359375
30622.7109375
362.4811706542969
1167.8857421875
193.36036682128906
227.5005340576172
7887.27978515625
13278.2216796875
707.87451171875
125.6809310913086
703.9036865234375
845.5465698242188
1806.84912109375
1531.2744140625
235.29824829101562
226.92730712890625
2099.1318359375
1161.47802734375
2610.555908203125
1147.5938720703125
762.0726928710938
2602.577880859375
493.0920104980469
456.5385437011719
895.9107666015625
344.7655334472656
168.34030151367188
5055.6337890625
1166.5045166015625
187.601806640625
2484.916748046875
193.8605499267578
2531.34033203125
1107.8323974609375
678.0140380859375
392.68450927734375
1282.74365234375
418.3483581542969
2496.78173828125
1169.73876953125
306.2640686035156
189684.34375
705.692626953125
7206.3369140625
781.4520874023438
950.4228515625
232.22500610351562
730.1956176757812
406.6561279296875
4083.62060546875
552.48583984375
2533.072265625
1153.9034423828125
448.974365234375
318.72576904296875
523.34619140625
3504.703857421875
243.1756591796875
694.4613037109375
8967.7353515625
664.8186645507812
560.97998046875
4011.7275390625
1727991.75
235.76959228515625
20958.052734375
230597.078125
6469.08642578125
4148.08740234375
267.26129150390625
527.5034790039062
504.26806640625
554.9075927734375
93.96955108642578
1110.5213623046875
294.1156005859375
164.3525390625
6719.16455078125
938.3759155273438
1115.73583984375
208.6824188232422
272.60321044921875
1590.431396484375
935.9461059570312
163.5673065185547
763.0460815429688
30601.248046875
362.33740234375
1167.7674560546875
193.154296875
227.48887634277344
7876.63916015625
13243.990234375
707.2490234375
125.5889892578125
702.9127197265625
844.7960205078125
1802.4171142578125
1529.83203125
235.02947998046875
226.64651489257812
2090.98388671875
1160.04052734375
2605.256103515625
1145.656982421875
762.4241333007812
2601.097900390625
492.53125
456.4268493652344
894.8579711914062
344.5996398925781
168.16354370117188
5052.32666015625
1160.4364013671875
187.6767578125
2479.14892578125
193.8993377685547
2521.414794921875
1106.0157470703125
677.480712890625
392.1192626953125
1282.2498779296875
416.3076171875
2496.090087890625
1165.366455078125
305.0888366699219
188880.671875
705.204833984375
7210.4990234375
779.4564208984375
950.3309936523438
232.14999389648438
730.0991821289062
405.0333251953125
4080.049560546875
551.8753051757812
2526.234375
1149.236083984375
448.50115966796875
318.4541015625
523.14013671875
3502.26171875
242.80401611328125
689.6114501953125
8963.3681640625
663.1521606445312
558.3092041015625
4009.2041015625
1727663.625
235.26295471191406
20907.40234375
228933.15625
6466.95263671875
4144.25146484375
266.7338562011719
526.60400390625
503.36114501953125
553.7138061523438
93.77499389648438
1106.484130859375
293.8799133300781
163.9491729736328
6715.49609375
931.5166625976562
1112.73876953125
208.57057189941406
272.418212890625
1588.542724609375
934.15185546875
163.30487060546875
762.9494018554688
30583.111328125
361.96124267578125
1167.7255859375
193.08547973632812
227.2548828125
7867.55419921875
13214.9609375
706.6226196289062
125.40889739990234
702.4808349609375
844.06689453125
1798.31884765625
1528.5203857421875
234.85218811035156
226.7793731689453
2084.233642578125
1158.8359375
2600.795166015625
1143.4808349609375
762.2201538085938
2599.9375
491.84344482421875
456.1860046386719
893.966552734375
344.475341796875
168.03176879882812
5049.7421875
1155.6954345703125
187.32363891601562
2474.33154296875
193.76405334472656
2513.03759765625
1104.5928955078125
676.976318359375
391.8380432128906
1281.8719482421875
414.15985107421875
2495.919189453125
1161.8841552734375
304.1116027832031
188201.09375
704.7274780273438
7214.4287109375
777.9285278320312
949.853271484375
231.96763610839844
729.7908325195312
403.8386535644531
4077.809814453125
551.05224609375
2521.263671875
1145.5001220703125
448.3197326660156
318.0517272949219
522.9931030273438
3500.27978515625
242.72476196289062
685.9345703125
8959.1357421875
661.8218383789062
555.4943237304688
4006.4521484375
1727386.75
234.45741271972656
20865.26953125
227574.578125
6465.37646484375
4141.09033203125
266.3057861328125
526.1959228515625
502.79034423828125
552.59375
93.75535583496094
1103.021728515625
293.8287658691406
163.72056579589844
6712.6533203125
926.1766967773438
1109.783203125
208.432373046875
272.2353210449219
1586.5279541015625
932.9423828125
162.65518188476562
762.86962890625
30567.892578125
361.52117919921875
1167.5631103515625
192.67132568359375
227.1466064453125
7859.80859375
13190.8154296875
706.2200317382812
125.31165313720703
702.0913696289062
843.6887817382812
1795.04150390625
1527.5479736328125
234.82679748535156
226.51724243164062
2078.760986328125
1157.8023681640625
2596.7373046875
1142.2034912109375
762.475830078125
2599.2578125
491.4386901855469
455.89361572265625
893.08740234375
344.33935546875
167.979736328125
5047.6796875
1151.24462890625
187.1934814453125
2470.49462890625
193.77813720703125
2506.032958984375
1103.7281494140625
676.33447265625
391.7185363769531
1281.2838134765625
412.43267822265625
2495.25
1158.8970947265625
303.27459716796875
187640.296875
704.4719848632812
7216.890625
776.828369140625
949.8641357421875
231.8314666748047
729.576904296875
402.857666015625
4075.0703125
550.7435913085938
2516.6220703125
1142.44140625
448.05352783203125
317.6607971191406
522.7631225585938
3498.462646484375
242.7790985107422
682.6720581054688
8955.8876953125
660.8798217773438
553.4475708007812
4004.61328125
1727158.75
233.94784545898438
20830.306640625
226488.34375
6464.150390625
4138.30859375
265.9609069824219
525.5824584960938
502.3780822753906
551.5474853515625
93.72566223144531
1100.316162109375
293.56170654296875
163.56915283203125
6710.056640625
921.4850463867188
1107.6163330078125
208.11961364746094
272.1359558105469
1585.0086669921875
931.6712036132812
162.21322631835938
762.7316284179688
30555.55078125
361.28253173828125
1167.41796875
192.58905029296875
227.08328247070312
7853.72216796875
13171.4794921875
706.1310424804688
125.10871124267578
701.6279907226562
843.1183471679688
1792.492431640625
1526.98388671875
234.97120666503906
226.3445587158203
2074.457763671875
1157.3714599609375
2593.597900390625
1141.078125
762.3156127929688
2598.3916015625
491.38934326171875
455.7456359863281
892.5267944335938
344.4792175292969
167.99215698242188
5046.32470703125
1148.248291015625
187.2643585205078
2467.36767578125
193.78302001953125
2500.456787109375
1102.3812255859375
676.2373657226562
391.7961120605469
1280.7548828125
411.436767578125
2495.15966796875
1156.662353515625
302.6962890625
187191.4375
704.2081298828125
7219.31640625
775.7577514648438
949.7279663085938
231.70957946777344
729.459228515625
402.0715026855469
4073.18212890625
550.0357055664062
2513.458251953125
1139.995361328125
448.03997802734375
317.3985595703125
522.4835815429688
3497.019775390625
242.71163940429688
680.23876953125
8953.3046875
659.919677734375
552.2442626953125
4002.9189453125
1726977.0
233.81910705566406
20802.3515625
225643.9375
6462.78759765625
4135.89697265625
265.60052490234375
525.2192993164062
502.07684326171875
550.8883056640625
93.72777557373047
1097.9920654296875
293.7140808105469
163.4527130126953
6708.1826171875
918.0599975585938
1105.986328125
207.88174438476562
271.9549560546875
1583.9368896484375
930.9923095703125
162.10964965820312
762.7242431640625
30546.291015625
361.2839660644531
1167.3946533203125
192.39639282226562
227.06748962402344
7849.0908203125
13156.4052734375
705.5941162109375
125.07986450195312
701.0128173828125
842.7837524414062
1790.08349609375
1526.2125244140625
234.5248260498047
226.2353515625
2070.77197265625
1156.85107421875
2590.68994140625
1140.0369873046875
762.2969970703125
2597.888427734375
490.7831115722656
455.6516418457031
891.9862670898438
344.17510986328125
167.83689880371094
5044.7353515625
1145.51708984375
187.0428924560547
2464.624267578125
193.7750701904297
2495.70849609375
1101.9495849609375
675.8348388671875
391.5352783203125
1280.6353759765625
410.0926513671875
2494.796142578125
1154.7640380859375
302.1932678222656
186846.171875
703.93505859375
7221.3642578125
775.0408325195312
949.9277954101562
231.66482543945312
729.3770751953125
401.50909423828125
4071.665771484375
549.7811889648438
2510.234375
1138.0863037109375
447.6704406738281
317.313232421875
522.4425048828125
3495.894775390625
242.6211700439453
678.5025634765625
8951.14453125
659.39697265625
550.693359375
4002.13427734375
1726838.375
233.31149291992188
20780.89453125
225013.21875
6462.064453125
4134.30908203125
265.38641357421875
524.9586791992188
501.92626953125
550.3713989257812
93.70311737060547
1096.5853271484375
293.2990417480469
163.45008850097656
6706.53515625
915.5164794921875
1104.59619140625
207.75547790527344
271.9258728027344
1582.9820556640625
930.2158813476562
161.7691192626953
762.6412963867188
30538.841796875
360.9346618652344
1167.413330078125
192.39002990722656
227.05316162109375
7845.216796875
13144.619140625
705.3642578125
125.01277160644531
700.7838134765625
842.5336303710938
1788.1287841796875
1525.7803955078125
234.47509765625
226.240478515625
2068.13525390625
1155.9071044921875
2588.91845703125
1138.9678955078125
762.3428344726562
2597.4130859375
490.6191101074219
455.63922119140625
891.730712890625
344.1457824707031
167.7951202392578
5044.03173828125
1143.5113525390625
187.0078887939453
2462.854248046875
193.78880310058594
2492.21728515625
1101.331298828125
675.82666015625
391.4292907714844
1280.5067138671875
409.6595764160156
2494.586181640625
1153.36376953125
301.9733581542969
186594.171875
703.7884521484375
7222.5966796875
774.44677734375
949.8797607421875
231.5103759765625
729.3931274414062
401.0058288574219
4070.531494140625
549.5833129882812
2508.217041015625
1136.762939453125
447.77081298828125
317.1946105957031
522.4517211914062
3494.969970703125
242.54364013671875
677.1273803710938
8949.7578125
658.7688598632812
549.8731689453125
4000.58203125
1726739.125
233.1646728515625
20765.4921875
224567.484375
6461.5185546875
4133.43798828125
265.2682800292969
524.7532958984375
501.68341064453125
549.9839477539062
93.65530395507812
1095.162109375
293.2237548828125
163.4019012451172
6705.39404296875
913.2449340820312
1103.708251953125
207.7256622314453
271.81072998046875
1582.429931640625
929.8004760742188
161.54916381835938
762.5903930664062
30533.677734375
361.058837890625
1167.5306396484375
192.34217834472656
227.0503692626953
7842.580078125
13136.33203125
705.2413330078125
124.9876480102539
700.5794067382812
842.346435546875
1786.890380859375
1525.4791259765625
234.35072326660156
226.12661743164062
2066.30517578125
1155.63330078125
2586.8291015625
1138.5758056640625
762.3665771484375
2596.911376953125
490.419921875
455.5835266113281
891.4678344726562
344.0654602050781
167.71194458007812
5043.2451171875
1141.907470703125
186.97669982910156
2461.47998046875
193.69595336914062
2489.695068359375
1101.0560302734375
675.4293212890625
391.5788879394531
1280.334228515625
408.8749694824219
2494.509033203125
1152.39306640625
301.85333251953125
186424.34375
703.6653442382812
7223.00439453125
774.0477294921875
949.629150390625
231.45692443847656
729.2545776367188
400.7289733886719
4069.722900390625
549.3465576171875
2506.734375
1135.483154296875
447.526611328125
317.0290222167969
522.2666015625
3494.39453125
242.43898010253906
676.2103271484375
8948.8837890625
658.7049560546875
549.2955322265625
3999.878662109375
1726673.875
233.03311157226562
20755.310546875
224278.265625
6461.0556640625
4132.3037109375
265.1601867675781
524.7731323242188
501.57342529296875
549.740478515625
93.67306518554688
1094.3876953125
293.1368408203125
163.31982421875
6704.60595703125
911.944091796875
1103.107421875
207.54493713378906
272.0274353027344
1581.993896484375
929.5047607421875
161.4521942138672
762.4984741210938
30530.470703125
360.91961669921875
1167.2666015625
192.26953125
227.020751953125
7840.953125
13130.927734375
705.125732421875
124.97218322753906
700.5003662109375
842.2388305664062
1785.8758544921875
1525.277587890625
234.3555908203125
226.1229248046875
2065.09423828125
1155.397705078125
2585.668701171875
1138.1571044921875
762.3892822265625
2596.5478515625
490.3630676269531
455.53216552734375
891.3223266601562
344.06439208984375
167.70057678222656
5042.82177734375
1141.430419921875
186.95993041992188
2460.70849609375
193.7115020751953
2488.072265625
1100.6058349609375
675.3726806640625
391.2956848144531
1280.274658203125
408.35406494140625
2494.393310546875
1151.8367919921875
301.52508544921875
186323.140625
703.5502319335938
7223.74609375
773.7994995117188
949.5703125
231.40345764160156
729.2098388671875
400.47607421875
4069.168212890625
549.2381591796875
2505.808349609375
1134.8927001953125
447.46905517578125
317.00421142578125
522.222412109375
3493.853759765625
242.39923095703125
675.718994140625
8948.08984375
658.2949829101562
548.9647827148438
3999.313232421875
1726636.75
232.96054077148438
20749.353515625
224115.5625
6460.8349609375
4131.85107421875
265.12396240234375
524.5491943359375
501.4928283691406
549.593017578125
93.63247680664062
1093.9156494140625
293.1053161621094
163.27413940429688
6703.9189453125
911.1730346679688
1102.7667236328125
207.52203369140625
272.0146789550781
1581.853759765625
929.3187866210938
161.4058380126953
762.49462890625
30528.853515625
360.72845458984375
1167.240478515625
192.24290466308594
226.98687744140625
7840.02880859375
13127.9853515625
705.0531616210938
124.9566421508789
700.4442138671875
842.1781005859375
1785.35107421875
1525.183837890625
234.3388214111328
226.08505249023438
2064.444091796875
1155.2647705078125
2584.853271484375
1138.1966552734375
762.3707885742188
2596.43505859375
490.3629455566406
455.4786682128906
891.2916870117188
344.0458068847656
167.63522338867188
5042.6767578125
1140.9686279296875
186.9038848876953
2460.312744140625
193.6689453125
2487.1552734375
1100.4854736328125
675.3154907226562
391.2927551269531
1280.213623046875
408.1254577636719
2494.37109375
1151.578125
301.46710205078125
186274.578125
703.5283813476562
7223.62744140625
773.6818237304688
949.5466918945312
231.37799072265625
729.1901245117188
400.3946533203125
4068.84619140625
549.1885375976562
2505.35888671875
1134.622314453125
447.513916015625
316.9543151855469
522.1932373046875
3493.601806640625
242.37197875976562
675.5234375
8947.7216796875
657.994873046875
548.8124389648438
3998.986572265625
1726620.75
232.9306182861328
20746.638671875
224044.828125
6460.724609375
4131.646484375
265.1134948730469
524.5142822265625
501.4595031738281
549.5471801757812
93.61624908447266
1093.7041015625
293.07293701171875
163.1999969482422
6703.64501953125
910.8455810546875
1102.625244140625
207.51470947265625
271.9212646484375
1581.723876953125
929.2560424804688
161.38168334960938
762.478759765625
30528.314453125
360.7117004394531
1167.190185546875
192.21153259277344
226.98023986816406
7839.6630859375
13126.7802734375
705.0306396484375
124.94767761230469
700.416748046875
842.15673828125
1785.103271484375
1525.161376953125
234.3347625732422
226.08079528808594
2064.194580078125
1155.2078857421875
2584.481689453125
1137.9453125
762.3671264648438
2596.40087890625
490.3271179199219
455.469482421875
891.2335815429688
344.0412292480469
167.63491821289062
5042.61962890625
1140.6998291015625
186.92047119140625
2460.167724609375
193.66554260253906
2486.776611328125
1100.4453125
675.3030395507812
391.28753662109375
1280.206787109375
408.04107666015625
2494.3544921875
1151.4915771484375
301.4598388671875
186260.4375
703.5127563476562
7223.66796875
773.6441040039062
949.54345703125
231.37362670898438
729.1880493164062
400.3702392578125
4068.737060546875
549.1781616210938
2505.2021484375
1134.5435791015625
447.503173828125
316.9523620605469
522.1915893554688
3493.515380859375
242.36923217773438
675.475830078125
8947.7001953125
657.9554443359375
548.7749633789062
3998.940673828125
1726617.625
232.9253692626953
20746.0625
224029.328125
6460.71630859375
4131.60107421875
265.10675048828125
524.5098266601562
501.45697021484375
549.5369262695312
93.61531066894531
1093.6573486328125
293.07354736328125
163.20803833007812
6703.6005859375
910.7660522460938
1102.6031494140625
207.51234436035156
271.8779602050781
1581.7015380859375
929.2490234375
161.37899780273438
762.4763793945312
30528.251953125
360.7093811035156
1167.1888427734375
192.21157836914062
226.9810028076172
7839.59912109375
13126.56640625
705.027587890625
124.94658660888672
700.4134521484375
842.1557006835938
1785.0823974609375
1525.157470703125
234.33477783203125
226.080322265625
2064.170166015625
1155.2044677734375
2584.462646484375
1137.9114990234375
762.3665161132812
2596.3955078125
490.3247985839844
455.4681701660156
891.2244873046875
344.0389404296875
167.63282775878906
5042.6123046875
1140.6295166015625
186.9193115234375
2460.1572265625
193.66517639160156
2486.79248046875
1100.440185546875
675.2999267578125
391.28607177734375
1280.2060546875
408.0277099609375
2494.356201171875
