5 61 61
1 1 1
1 1 2
1 1 3
1 1 4
1 1 5
1 1 6
1 1 7
1 1 8
1 1 10
1 1 11
1 1 12
1 1 13
1 1 17
1 1 18
1 1 19
1 1 20
1 1 23
1 1 25
1 1 26
1 1 27
1 1 28
1 1 29
1 1 30
1 1 31
1 1 32
1 1 33
1 1 35
1 1 37
1 1 38
1 1 39
1 1 41
1 1 42
1 1 44
1 1 45
1 1 46
1 1 47
1 1 49
1 1 50
1 1 52
1 1 53
1 1 54
1 1 56
1 1 57
1 1 58
1 1 59
1 1 60
1 1 61
1 2 33
1 2 34
1 2 35
1 2 36
1 2 37
1 2 38
1 2 39
1 2 40
1 2 41
1 2 42
1 3 33
1 3 34
1 3 35
1 3 36
1 3 37
1 3 38
1 3 39
1 3 40
1 3 41
1 3 42
1 4 33
1 4 34
1 4 35
1 4 36
1 4 37
1 4 38
1 4 39
1 4 40
1 4 41
1 4 42
1 5 5
1 5 6
1 5 12
1 5 19
1 5 31
1 5 42
1 5 45
1 5 56
1 5 58
1 5 61
1 6 6
1 6 12
1 6 14
1 6 15
1 6 16
1 6 22
1 6 31
1 6 42
1 6 45
1 6 51
1 6 55
1 6 56
1 6 58
1 7 33
1 7 34
1 7 35
1 7 36
1 7 37
1 7 38
1 7 39
1 7 40
1 7 41
1 7 42
1 8 33
1 8 34
1 8 35
1 8 36
1 8 37
1 8 38
1 8 39
1 8 40
1 8 41
1 8 42
1 9 9
1 9 19
1 9 21
1 9 31
1 9 36
1 9 42
1 9 43
1 9 45
1 9 55
1 9 56
1 9 58
1 10 33
1 10 34
1 10 35
1 10 36
1 10 37
1 10 38
1 10 39
1 10 40
1 10 41
1 10 42
1 11 33
1 11 34
1 11 35
1 11 36
1 11 37
1 11 38
1 11 39
1 11 40
1 11 41
1 11 42
1 12 12
1 12 14
1 12 15
1 12 16
1 12 19
1 12 22
1 12 31
1 12 40
1 12 42
1 12 45
1 12 51
1 12 56
1 12 58
1 12 61
1 13 33
1 13 34
1 13 35
1 13 36
1 13 37
1 13 38
1 13 39
1 13 40
1 13 41
1 13 42
1 14 14
1 14 15
1 14 16
1 14 19
1 14 31
1 14 40
1 14 42
1 14 45
1 14 51
1 14 56
1 14 58
1 14 61
1 15 15
1 15 19
1 15 22
1 15 31
1 15 42
1 15 45
1 15 56
1 15 58
1 15 61
1 16 16
1 16 19
1 16 31
1 16 42
1 16 45
1 16 56
1 16 58
1 16 61
1 17 33
1 17 34
1 17 35
1 17 36
1 17 37
1 17 38
1 17 39
1 17 40
1 17 41
1 17 42
1 18 33
1 18 34
1 18 35
1 18 36
1 18 37
1 18 38
1 18 39
1 18 40
1 18 41
1 18 42
1 19 19
1 19 21
1 19 22
1 19 24
1 19 31
1 19 34
1 19 36
1 19 40
1 19 42
1 19 45
1 19 48
1 19 51
1 19 56
1 19 58
1 19 61
1 20 33
1 20 34
1 20 35
1 20 36
1 20 37
1 20 38
1 20 39
1 20 40
1 20 41
1 20 42
1 21 21
1 21 31
1 21 36
1 21 42
1 21 43
1 21 45
1 21 55
1 21 56
1 21 58
1 22 22
1 22 24
1 22 31
1 22 34
1 22 40
1 22 42
1 22 43
1 22 45
1 22 48
1 22 56
1 22 58
1 22 61
1 23 33
1 23 34
1 23 35
1 23 36
1 23 37
1 23 38
1 23 39
1 23 40
1 23 41
1 23 42
1 24 24
1 24 31
1 24 34
1 24 40
1 24 42
1 24 45
1 24 48
1 24 56
1 24 58
1 25 33
1 25 34
1 25 35
1 25 36
1 25 37
1 25 38
1 25 39
1 25 40
1 25 41
1 25 42
1 26 33
1 26 34
1 26 35
1 26 36
1 26 37
1 26 38
1 26 39
1 26 40
1 26 41
1 26 42
1 27 33
1 27 34
1 27 35
1 27 36
1 27 37
1 27 38
1 27 39
1 27 40
1 27 41
1 27 42
1 28 33
1 28 34
1 28 35
1 28 36
1 28 37
1 28 38
1 28 39
1 28 40
1 28 41
1 28 42
1 29 33
1 29 34
1 29 35
1 29 36
1 29 37
1 29 38
1 29 39
1 29 40
1 29 41
1 29 42
1 30 33
1 30 34
1 30 35
1 30 36
1 30 37
1 30 38
1 30 39
1 30 40
1 30 41
1 30 42
1 31 31
1 31 34
1 31 36
1 31 42
1 31 43
1 31 45
1 31 48
1 31 51
1 31 55
1 31 56
1 31 58
1 31 61
1 32 33
1 32 34
1 32 35
1 32 36
1 32 37
1 32 38
1 32 39
1 32 40
1 32 41
1 32 42
1 33 33
1 33 34
1 33 35
1 33 36
1 33 37
1 33 38
1 33 39
1 33 40
1 33 41
1 33 42
1 33 44
1 33 46
1 33 47
1 33 49
1 33 50
1 33 52
1 33 53
1 33 54
1 33 57
1 33 59
1 33 60
1 34 34
1 34 35
1 34 37
1 34 38
1 34 39
1 34 40
1 34 41
1 34 42
1 34 44
1 34 45
1 34 46
1 34 47
1 34 48
1 34 49
1 34 50
1 34 52
1 34 53
1 34 54
1 34 56
1 34 57
1 34 58
1 34 59
1 34 60
1 35 35
1 35 36
1 35 37
1 35 38
1 35 39
1 35 40
1 35 41
1 35 42
1 35 44
1 35 46
1 35 47
1 35 49
1 35 50
1 35 52
1 35 53
1 35 54
1 35 57
1 35 59
1 35 60
1 36 36
1 36 37
1 36 38
1 36 39
1 36 41
1 36 42
1 36 43
1 36 44
1 36 45
1 36 46
1 36 47
1 36 49
1 36 50
1 36 52
1 36 53
1 36 54
1 36 55
1 36 56
1 36 57
1 36 58
1 36 59
1 36 60
1 37 37
1 37 38
1 37 39
1 37 40
1 37 41
1 37 42
1 37 44
1 37 46
1 37 47
1 37 49
1 37 50
1 37 52
1 37 53
1 37 54
1 37 57
1 37 59
1 37 60
1 38 38
1 38 39
1 38 40
1 38 41
1 38 42
1 38 44
1 38 46
1 38 47
1 38 49
1 38 50
1 38 52
1 38 53
1 38 54
1 38 57
1 38 59
1 38 60
1 39 39
1 39 40
1 39 41
1 39 42
1 39 44
1 39 46
1 39 47
1 39 49
1 39 50
1 39 52
1 39 53
1 39 54
1 39 57
1 39 59
1 39 60
1 40 40
1 40 41
1 40 42
1 40 44
1 40 45
1 40 46
1 40 47
1 40 48
1 40 49
1 40 50
1 40 52
1 40 53
1 40 54
1 40 57
1 40 58
1 40 59
1 40 60
1 41 41
1 41 42
1 41 44
1 41 46
1 41 47
1 41 49
1 41 50
1 41 52
1 41 53
1 41 54
1 41 57
1 41 59
1 41 60
1 42 42
1 42 43
1 42 44
1 42 45
1 42 46
1 42 47
1 42 48
1 42 49
1 42 50
1 42 51
1 42 52
1 42 53
1 42 54
1 42 55
1 42 56
1 42 57
1 42 58
1 42 59
1 42 60
1 42 61
1 43 43
1 43 45
1 43 55
1 43 56
1 43 58
1 45 45
1 45 48
1 45 51
1 45 55
1 45 56
1 45 58
1 45 61
1 48 48
1 48 56
1 48 58
1 51 51
1 51 56
1 51 58
1 51 61
1 55 55
1 55 56
1 55 58
1 56 56
1 56 58
1 56 61
1 58 58
1 58 61
1 61 61
2 1 1
2 1 3
2 1 6
2 1 7
2 1 8
2 1 10
2 1 12
2 1 13
2 1 14
2 1 15
2 1 16
2 1 17
2 1 18
2 1 19
2 1 22
2 1 24
2 1 25
2 1 27
2 1 28
2 1 31
2 1 33
2 1 34
2 1 35
2 1 38
2 1 39
2 1 40
2 1 41
2 1 42
2 1 43
2 1 44
2 1 45
2 1 46
2 1 48
2 1 51
2 1 52
2 1 54
2 1 57
2 1 58
2 1 59
2 1 60
2 2 2
2 2 3
2 2 9
2 2 21
2 2 25
2 2 36
2 2 37
2 2 47
2 2 49
2 2 53
2 2 55
2 2 56
2 2 61
2 3 3
2 3 5
2 3 16
2 3 20
2 3 21
2 3 23
2 3 26
2 3 30
2 3 33
2 3 37
2 3 40
2 3 47
2 3 48
2 3 49
2 3 50
2 3 52
2 3 53
2 3 55
2 3 61
2 4 4
2 4 11
2 4 26
2 4 30
2 4 32
2 4 40
2 4 45
2 4 46
2 4 47
2 4 50
2 4 55
2 4 56
2 5 5
2 5 15
2 5 16
2 5 21
2 5 29
2 5 30
2 5 33
2 5 37
2 5 48
2 5 52
2 5 61
2 6 33
2 6 34
2 6 35
2 6 36
2 6 37
2 6 38
2 6 39
2 6 40
2 6 41
2 6 42
2 7 33
2 7 34
2 7 35
2 7 36
2 7 37
2 7 38
2 7 39
2 7 40
2 7 41
2 7 42
2 8 33
2 8 34
2 8 35
2 8 36
2 8 37
2 8 38
2 8 39
2 8 40
2 8 41
2 8 42
2 9 9
2 9 21
2 9 25
2 9 36
2 9 37
2 9 47
2 9 49
2 9 53
2 9 55
2 9 56
2 9 61
2 10 33
2 10 34
2 10 35
2 10 36
2 10 37
2 10 38
2 10 39
2 10 40
2 10 41
2 10 42
2 11 11
2 11 15
2 11 16
2 11 26
2 11 30
2 11 32
2 11 40
2 11 46
2 11 50
2 11 52
2 11 53
2 12 33
2 12 34
2 12 35
2 12 36
2 12 37
2 12 38
2 12 39
2 12 40
2 12 41
2 12 42
2 13 33
2 13 34
2 13 35
2 13 36
2 13 37
2 13 38
2 13 39
2 13 40
2 13 41
2 13 42
2 14 33
2 14 34
2 14 35
2 14 36
2 14 37
2 14 38
2 14 39
2 14 40
2 14 41
2 14 42
2 15 15
2 15 16
2 15 26
2 15 33
2 15 45
2 15 46
2 15 48
2 15 52
2 16 16
2 16 23
2 16 26
2 16 30
2 16 33
2 16 45
2 16 46
2 16 50
2 16 52
2 16 61
2 17 33
2 17 34
2 17 35
2 17 36
2 17 37
2 17 38
2 17 39
2 17 40
2 17 41
2 17 42
2 18 33
2 18 34
2 18 35
2 18 36
2 18 37
2 18 38
2 18 39
2 18 40
2 18 41
2 18 42
2 19 33
2 19 34
2 19 35
2 19 36
2 19 37
2 19 38
2 19 39
2 19 40
2 19 41
2 19 42
2 20 20
2 20 21
2 20 23
2 20 25
2 20 29
2 20 33
2 20 40
2 20 48
2 20 52
2 20 55
2 20 61
2 21 21
2 21 23
2 21 25
2 21 36
2 21 37
2 21 47
2 21 49
2 21 53
2 21 55
2 21 56
2 21 61
2 22 33
2 22 34
2 22 35
2 22 36
2 22 37
2 22 38
2 22 39
2 22 40
2 22 41
2 22 42
2 23 23
2 23 30
2 23 33
2 23 45
2 23 52
2 23 55
2 23 61
2 24 33
2 24 34
2 24 35
2 24 36
2 24 37
2 24 38
2 24 39
2 24 40
2 24 41
2 24 42
2 25 25
2 25 36
2 25 37
2 25 40
2 25 47
2 25 49
2 25 53
2 25 55
2 25 56
2 25 61
2 26 26
2 26 29
2 26 30
2 26 32
2 26 48
2 26 50
2 26 52
2 26 61
2 27 33
2 27 34
2 27 35
2 27 36
2 27 37
2 27 38
2 27 39
2 27 40
2 27 41
2 27 42
2 28 33
2 28 34
2 28 35
2 28 36
2 28 37
2 28 38
2 28 39
2 28 40
2 28 41
2 28 42
2 29 29
2 29 30
2 29 32
2 29 36
2 29 40
2 29 48
2 29 53
2 29 61
2 30 30
2 30 32
2 30 33
2 30 40
2 30 45
2 30 48
2 30 50
2 30 52
2 31 33
2 31 34
2 31 35
2 31 36
2 31 37
2 31 38
2 31 39
2 31 40
2 31 41
2 31 42
2 32 32
2 32 40
2 32 48
2 32 50
2 32 56
2 32 61
2 33 33
2 33 34
2 33 35
2 33 38
2 33 39
2 33 40
2 33 41
2 33 42
2 33 43
2 33 44
2 33 45
2 33 48
2 33 51
2 33 54
2 33 55
2 33 57
2 33 58
2 33 59
2 33 60
2 33 61
2 34 34
2 34 35
2 34 36
2 34 37
2 34 38
2 34 39
2 34 40
2 34 41
2 34 42
2 34 43
2 34 44
2 34 51
2 34 54
2 34 57
2 34 58
2 34 59
2 34 60
2 35 35
2 35 36
2 35 37
2 35 38
2 35 39
2 35 40
2 35 41
2 35 42
2 35 43
2 35 44
2 35 51
2 35 54
2 35 57
2 35 58
2 35 59
2 35 60
2 36 36
2 36 37
2 36 38
2 36 39
2 36 41
2 36 42
2 36 43
2 36 44
2 36 47
2 36 51
2 36 53
2 36 54
2 36 55
2 36 56
2 36 57
2 36 58
2 36 59
2 36 60
2 36 61
2 37 37
2 37 38
2 37 39
2 37 41
2 37 42
2 37 43
2 37 44
2 37 47
2 37 49
2 37 51
2 37 52
2 37 53
2 37 54
2 37 56
2 37 57
2 37 58
2 37 59
2 37 60
2 37 61
2 38 38
2 38 39
2 38 40
2 38 41
2 38 42
2 38 43
2 38 44
2 38 51
2 38 54
2 38 57
2 38 58
2 38 59
2 38 60
2 39 39
2 39 40
2 39 41
2 39 42
2 39 43
2 39 44
2 39 51
2 39 54
2 39 57
2 39 58
2 39 59
2 39 60
2 40 40
2 40 41
2 40 42
2 40 43
2 40 44
2 40 45
2 40 46
2 40 48
2 40 50
2 40 51
2 40 54
2 40 55
2 40 57
2 40 58
2 40 59
2 40 60
2 40 61
2 41 41
2 41 42
2 41 43
2 41 44
2 41 51
2 41 54
2 41 57
2 41 58
2 41 59
2 41 60
2 42 42
2 42 43
2 42 44
2 42 51
2 42 54
2 42 57
2 42 58
2 42 59
2 42 60
2 45 45
2 45 46
2 45 48
2 46 46
2 46 48
2 46 52
2 46 56
2 47 47
2 47 49
2 47 53
2 47 55
2 47 56
2 47 61
2 48 48
2 48 50
2 48 52
2 48 55
2 49 49
2 49 50
2 49 53
2 49 55
2 50 50
2 50 61
2 52 52
2 52 61
2 53 53
2 53 55
2 53 61
2 55 55
2 56 56
2 61 61
3 1 1
3 1 5
3 1 6
3 1 7
3 1 8
3 1 10
3 1 13
3 1 17
3 1 18
3 1 22
3 1 28
3 1 33
3 1 35
3 1 37
3 1 38
3 1 41
3 1 42
3 1 44
3 1 49
3 1 52
3 1 55
3 1 56
3 1 57
3 1 59
3 1 61
3 2 2
3 2 4
3 2 5
3 2 24
3 2 25
3 2 36
3 2 37
3 2 39
3 2 40
3 2 47
3 2 54
3 3 3
3 3 4
3 3 6
3 3 11
3 3 12
3 3 14
3 3 16
3 3 19
3 3 21
3 3 23
3 3 24
3 3 31
3 3 45
3 3 48
3 3 51
3 3 60
3 4 4
3 4 6
3 4 11
3 4 12
3 4 14
3 4 15
3 4 16
3 4 19
3 4 21
3 4 23
3 4 25
3 4 31
3 4 36
3 4 37
3 4 40
3 4 45
3 4 47
3 4 51
3 4 54
3 4 60
3 5 5
3 5 7
3 5 10
3 5 13
3 5 14
3 5 18
3 5 20
3 5 31
3 5 37
3 5 47
3 5 61
3 6 6
3 6 10
3 6 11
3 6 14
3 6 18
3 6 24
3 6 25
3 6 30
3 6 35
3 6 60
3 6 61
3 7 7
3 7 8
3 7 10
3 7 13
3 7 14
3 7 35
3 7 37
3 7 40
3 7 46
3 8 8
3 8 10
3 8 13
3 8 16
3 8 24
3 8 32
3 8 34
3 8 35
3 8 46
3 9 9
3 9 21
3 9 25
3 9 27
3 9 36
3 9 37
3 9 39
3 9 43
3 9 47
3 9 53
3 9 54
3 10 10
3 10 13
3 10 14
3 10 24
3 10 35
3 10 37
3 11 11
3 11 12
3 11 14
3 11 15
3 11 16
3 11 19
3 11 20
3 11 21
3 11 23
3 11 24
3 11 25
3 11 27
3 11 30
3 11 31
3 11 32
3 11 39
3 11 40
3 11 45
3 11 47
3 11 48
3 11 51
3 11 53
3 11 60
3 12 12
3 12 14
3 12 19
3 12 21
3 12 23
3 12 24
3 12 37
3 12 45
3 12 51
3 12 60
3 12 61
3 13 13
3 13 14
3 13 35
3 13 37
3 13 40
3 13 46
3 14 14
3 14 18
3 14 23
3 14 24
3 14 30
3 14 35
3 14 60
3 15 15
3 15 25
3 15 32
3 15 39
3 15 40
3 15 46
3 15 47
3 15 48
3 15 53
3 16 16
3 16 21
3 16 23
3 16 24
3 16 40
3 16 54
3 16 60
3 17 33
3 17 34
3 17 35
3 17 36
3 17 37
3 17 38
3 17 39
3 17 40
3 17 41
3 17 42
3 18 18
3 18 20
3 18 25
3 18 31
3 18 35
3 18 60
3 18 61
3 19 19
3 19 21
3 19 23
3 19 24
3 19 45
3 19 51
3 19 60
3 20 20
3 20 25
3 20 29
3 20 31
3 20 35
3 20 36
3 20 39
3 20 43
3 21 21
3 21 23
3 21 25
3 21 27
3 21 31
3 21 37
3 21 39
3 21 45
3 21 47
3 21 51
3 21 60
3 22 33
3 22 34
3 22 35
3 22 36
3 22 37
3 22 38
3 22 39
3 22 40
3 22 41
3 22 42
3 23 23
3 23 24
3 23 31
3 23 37
3 23 45
3 23 51
3 23 60
3 23 61
3 24 24
3 24 25
3 24 26
3 24 29
3 24 31
3 24 32
3 24 34
3 24 39
3 24 45
3 24 46
3 24 48
3 24 50
3 24 51
3 24 53
3 24 54
3 24 58
3 24 60
3 25 25
3 25 27
3 25 32
3 25 35
3 25 36
3 25 39
3 25 43
3 25 47
3 25 53
3 25 61
3 26 26
3 26 29
3 26 30
3 26 32
3 26 34
3 26 40
3 26 46
3 26 48
3 26 50
3 26 54
3 26 58
3 27 27
3 27 36
3 27 37
3 27 39
3 27 43
3 27 47
3 27 53
3 28 33
3 28 34
3 28 35
3 28 36
3 28 37
3 28 38
3 28 39
3 28 40
3 28 41
3 28 42
3 29 29
3 29 30
3 29 32
3 29 34
3 29 39
3 29 40
3 29 43
3 29 48
3 29 50
3 29 58
3 30 30
3 30 40
3 30 50
3 30 54
3 30 58
3 30 60
3 31 31
3 31 60
3 32 32
3 32 34
3 32 39
3 32 46
3 32 47
3 32 48
3 32 50
3 32 53
3 32 58
3 33 33
3 33 34
3 33 35
3 33 36
3 33 37
3 33 38
3 33 39
3 33 40
3 33 41
3 33 42
3 33 44
3 33 49
3 33 52
3 33 55
3 33 56
3 33 57
3 33 59
3 34 34
3 34 38
3 34 40
3 34 41
3 34 42
3 34 44
3 34 46
3 34 48
3 34 49
3 34 50
3 34 52
3 34 53
3 34 55
3 34 56
3 34 57
3 34 58
3 34 59
3 35 35
3 35 38
3 35 41
3 35 42
3 35 43
3 35 44
3 35 49
3 35 52
3 35 55
3 35 56
3 35 57
3 35 59
3 35 61
3 36 36
3 36 37
3 36 38
3 36 39
3 36 41
3 36 42
3 36 43
3 36 44
3 36 47
3 36 49
3 36 52
3 36 54
3 36 55
3 36 56
3 36 57
3 36 59
3 37 37
3 37 38
3 37 41
3 37 42
3 37 44
3 37 47
3 37 49
3 37 52
3 37 55
3 37 56
3 37 57
3 37 59
3 37 61
3 38 38
3 38 39
3 38 40
3 38 41
3 38 42
3 38 44
3 38 49
3 38 52
3 38 55
3 38 56
3 38 57
3 38 59
3 39 39
3 39 41
3 39 42
3 39 43
3 39 44
3 39 47
3 39 49
3 39 52
3 39 53
3 39 54
3 39 55
3 39 56
3 39 57
3 39 59
3 40 40
3 40 41
3 40 42
3 40 44
3 40 47
3 40 48
3 40 49
3 40 50
3 40 52
3 40 54
3 40 55
3 40 56
3 40 57
3 40 58
3 40 59
3 41 41
3 41 42
3 41 44
3 41 49
3 41 52
3 41 55
3 41 56
3 41 57
3 41 59
3 42 42
3 42 44
3 42 49
3 42 52
3 42 55
3 42 56
3 42 57
3 42 59
3 43 43
3 43 53
3 43 54
3 45 45
3 45 51
3 45 60
3 46 46
3 46 50
3 46 53
3 46 58
3 47 47
3 47 54
3 48 48
3 48 50
3 48 53
3 48 58
3 50 50
3 50 54
3 50 58
3 51 51
3 51 60
3 53 53
3 54 54
3 54 58
3 58 58
3 60 60
3 60 61
3 61 61
4 1 1
4 1 5
4 1 7
4 1 8
4 1 10
4 1 13
4 1 15
4 1 16
4 1 35
4 1 46
4 1 55
4 1 59
4 2 2
4 2 9
4 2 21
4 2 25
4 2 27
4 2 36
4 2 37
4 2 39
4 2 43
4 2 47
4 2 56
4 3 3
4 3 6
4 3 17
4 3 22
4 3 28
4 3 31
4 3 33
4 3 38
4 3 41
4 3 44
4 3 49
4 3 52
4 3 60
4 4 4
4 4 11
4 4 18
4 4 25
4 4 30
4 4 32
4 4 34
4 4 42
4 4 53
4 4 54
4 4 58
4 5 5
4 5 7
4 5 8
4 5 10
4 5 13
4 5 15
4 5 16
4 5 35
4 5 38
4 5 57
4 6 6
4 6 17
4 6 22
4 6 28
4 6 31
4 6 41
4 6 49
4 6 52
4 6 55
4 6 57
4 6 60
4 6 61
4 7 7
4 7 8
4 7 10
4 7 13
4 7 15
4 7 16
4 7 35
4 7 46
4 7 55
4 8 8
4 8 10
4 8 13
4 8 15
4 8 16
4 8 35
4 8 46
4 8 55
4 9 9
4 9 21
4 9 25
4 9 27
4 9 36
4 9 37
4 9 39
4 9 43
4 9 47
4 9 53
4 9 56
4 10 10
4 10 13
4 10 15
4 10 16
4 10 35
4 10 38
4 10 57
4 11 11
4 11 18
4 11 26
4 11 32
4 11 33
4 11 34
4 11 40
4 11 42
4 11 50
4 11 54
4 12 12
4 12 14
4 12 19
4 12 20
4 12 21
4 12 23
4 12 38
4 12 42
4 12 45
4 12 51
4 12 57
4 13 13
4 13 15
4 13 16
4 13 35
4 13 46
4 13 57
4 14 14
4 14 19
4 14 20
4 14 21
4 14 23
4 14 38
4 14 42
4 14 45
4 14 51
4 14 57
4 15 15
4 15 16
4 15 35
4 15 46
4 15 55
4 16 16
4 16 35
4 16 38
4 16 46
4 17 17
4 17 22
4 17 28
4 17 30
4 17 33
4 17 42
4 17 49
4 17 52
4 17 57
4 17 61
4 18 18
4 18 26
4 18 32
4 18 33
4 18 34
4 18 40
4 18 42
4 18 45
4 18 50
4 18 54
4 19 19
4 19 20
4 19 21
4 19 23
4 19 38
4 19 42
4 19 45
4 19 51
4 19 57
4 20 20
4 20 23
4 20 42
4 20 43
4 20 45
4 20 51
4 20 53
4 20 57
4 21 21
4 21 23
4 21 25
4 21 27
4 21 36
4 21 39
4 21 43
4 21 45
4 21 47
4 21 51
4 21 53
4 21 56
4 22 22
4 22 31
4 22 41
4 22 49
4 22 55
4 22 56
4 22 60
4 22 61
4 23 23
4 23 38
4 23 42
4 23 45
4 23 51
4 23 57
4 24 24
4 24 26
4 24 29
4 24 30
4 24 32
4 24 34
4 24 40
4 24 48
4 24 50
4 24 54
4 24 58
4 25 25
4 25 27
4 25 36
4 25 37
4 25 39
4 25 43
4 25 47
4 25 53
4 25 56
4 26 26
4 26 29
4 26 32
4 26 34
4 26 40
4 26 48
4 26 50
4 26 58
4 27 27
4 27 36
4 27 37
4 27 39
4 27 43
4 27 47
4 27 55
4 27 56
4 28 28
4 28 30
4 28 33
4 28 42
4 28 44
4 28 49
4 28 52
4 28 55
4 28 61
4 29 29
4 29 30
4 29 34
4 29 40
4 29 48
4 29 50
4 29 52
4 29 54
4 29 58
4 30 30
4 30 32
4 30 33
4 30 42
4 30 44
4 30 48
4 30 52
4 30 54
4 30 58
4 31 31
4 31 33
4 31 41
4 31 49
4 31 55
4 31 56
4 31 60
4 31 61
4 32 32
4 32 40
4 32 42
4 32 45
4 32 48
4 32 50
4 32 54
4 32 58
4 33 33
4 33 44
4 33 45
4 33 49
4 33 52
4 33 59
4 33 61
4 34 34
4 34 40
4 34 48
4 34 50
4 34 54
4 34 58
4 34 59
4 35 35
4 35 46
4 35 55
4 35 59
4 36 36
4 36 37
4 36 39
4 36 43
4 36 47
4 36 53
4 36 56
4 36 59
4 37 37
4 37 38
4 37 39
4 37 43
4 37 47
4 37 53
4 37 56
4 37 59
4 38 38
4 38 44
4 38 46
4 38 48
4 38 49
4 38 51
4 38 56
4 38 57
4 38 58
4 38 59
4 38 61
4 39 39
4 39 43
4 39 47
4 39 53
4 39 56
4 39 59
4 40 40
4 40 48
4 40 50
4 40 58
4 40 59
4 41 41
4 41 49
4 41 52
4 41 55
4 41 56
4 41 59
4 41 60
4 41 61
4 42 42
4 42 51
4 42 52
4 42 54
4 42 59
4 42 61
4 43 43
4 43 47
4 43 53
4 43 55
4 44 44
4 44 49
4 44 52
4 44 57
4 44 58
4 44 61
4 45 45
4 45 51
4 46 46
4 46 55
4 46 57
4 47 47
4 47 53
4 47 56
4 48 48
4 48 50
4 48 54
4 48 58
4 49 49
4 49 52
4 49 55
4 49 56
4 49 57
4 49 60
4 49 61
4 50 50
4 50 54
4 50 58
4 51 51
4 51 57
4 52 52
4 52 55
4 52 60
4 52 61
4 53 53
4 53 56
4 53 57
4 53 58
4 54 54
4 54 58
4 55 55
4 55 60
4 55 61
4 56 56
4 56 60
4 56 61
4 57 57
4 57 58
4 57 61
4 58 58
4 60 60
4 60 61
4 61 61
5 1 1
5 1 5
5 1 7
5 1 8
5 1 10
5 1 13
5 1 15
5 1 35
5 1 38
5 1 42
5 1 44
5 1 46
5 1 57
5 1 59
5 2 2
5 2 3
5 2 9
5 2 12
5 2 20
5 2 21
5 2 23
5 2 25
5 2 27
5 2 36
5 2 45
5 2 51
5 2 53
5 2 61
5 3 3
5 3 4
5 3 6
5 3 11
5 3 21
5 3 25
5 3 28
5 3 31
5 3 51
5 3 52
5 4 4
5 4 10
5 4 11
5 4 17
5 4 18
5 4 26
5 4 28
5 4 29
5 4 32
5 4 34
5 4 42
5 4 46
5 4 48
5 4 51
5 4 54
5 4 57
5 4 59
5 5 5
5 5 7
5 5 8
5 5 10
5 5 13
5 5 16
5 5 33
5 5 35
5 5 53
5 5 57
5 6 6
5 6 22
5 6 31
5 6 32
5 6 37
5 6 39
5 6 41
5 6 47
5 6 49
5 6 56
5 6 60
5 6 61
5 7 7
5 7 8
5 7 10
5 7 13
5 7 15
5 7 35
5 7 38
5 7 42
5 7 46
5 7 57
5 8 8
5 8 10
5 8 13
5 8 15
5 8 16
5 8 35
5 8 38
5 8 46
5 8 57
5 9 9
5 9 21
5 9 25
5 9 27
5 9 36
5 9 37
5 9 43
5 9 47
5 9 53
5 9 56
5 10 10
5 10 13
5 10 35
5 10 46
5 10 57
5 10 59
5 11 11
5 11 18
5 11 26
5 11 28
5 11 29
5 11 32
5 11 33
5 11 34
5 11 48
5 11 50
5 11 51
5 11 54
5 11 58
5 12 12
5 12 14
5 12 17
5 12 20
5 12 23
5 12 37
5 12 42
5 12 45
5 12 51
5 12 59
5 13 13
5 13 16
5 13 33
5 13 35
5 13 53
5 13 57
5 14 14
5 14 15
5 14 19
5 14 20
5 14 28
5 14 33
5 14 37
5 14 42
5 14 51
5 14 52
5 14 53
5 15 15
5 15 16
5 15 33
5 15 35
5 15 38
5 15 42
5 15 46
5 16 16
5 16 33
5 16 35
5 16 37
5 16 38
5 16 46
5 16 53
5 16 57
5 17 17
5 17 19
5 17 23
5 17 24
5 17 28
5 17 30
5 17 33
5 17 37
5 17 39
5 17 42
5 17 45
5 17 51
5 17 52
5 17 54
5 17 59
5 18 18
5 18 26
5 18 28
5 18 29
5 18 32
5 18 34
5 18 40
5 18 50
5 18 54
5 18 58
5 19 19
5 19 20
5 19 23
5 19 33
5 19 39
5 19 42
5 19 45
5 19 51
5 19 52
5 20 20
5 20 23
5 20 42
5 20 43
5 20 45
5 20 48
5 20 55
5 20 59
5 21 21
5 21 27
5 21 36
5 21 37
5 21 43
5 21 47
5 21 53
5 21 55
5 21 56
5 22 22
5 22 25
5 22 31
5 22 41
5 22 49
5 22 53
5 22 54
5 22 56
5 22 60
5 22 61
5 23 23
5 23 27
5 23 37
5 23 42
5 23 45
5 23 51
5 23 59
5 24 24
5 24 26
5 24 29
5 24 30
5 24 34
5 24 37
5 24 40
5 24 50
5 24 54
5 24 58
5 25 25
5 25 27
5 25 36
5 25 41
5 25 43
5 25 53
5 25 55
5 25 56
5 25 61
5 26 26
5 26 29
5 26 32
5 26 34
5 26 40
5 26 50
5 26 54
5 26 58
5 27 27
5 27 36
5 27 43
5 27 53
5 27 55
5 27 61
5 28 28
5 28 30
5 28 33
5 28 36
5 28 39
5 28 42
5 28 48
5 28 49
5 28 51
5 28 53
5 28 57
5 28 61
5 29 29
5 29 32
5 29 34
5 29 40
5 29 48
5 29 50
5 29 58
5 30 30
5 30 33
5 30 34
5 30 40
5 30 42
5 30 48
5 30 50
5 30 58
5 31 31
5 31 36
5 31 41
5 31 49
5 31 53
5 31 56
5 31 60
5 31 61
5 32 32
5 32 34
5 32 50
5 32 54
5 32 58
5 33 33
5 33 42
5 33 44
5 33 45
5 33 53
5 33 57
5 34 34
5 34 40
5 34 44
5 34 50
5 34 54
5 34 58
5 35 35
5 35 38
5 35 44
5 35 46
5 35 57
5 36 36
5 36 37
5 36 39
5 36 41
5 36 43
5 36 44
5 36 47
5 36 49
5 36 53
5 36 55
5 36 56
5 36 60
5 36 61
5 37 37
5 37 39
5 37 44
5 37 47
5 37 52
5 37 53
5 37 55
5 37 56
5 38 38
5 38 42
5 38 44
5 38 46
5 38 48
5 38 57
5 39 39
5 39 42
5 39 43
5 39 44
5 39 45
5 39 47
5 39 53
5 39 55
5 39 60
5 39 61
5 40 40
5 40 44
5 40 48
5 40 50
5 40 54
5 40 58
5 41 41
5 41 44
5 41 49
5 41 53
5 41 56
5 41 60
5 41 61
5 42 42
5 42 44
5 42 45
5 42 46
5 42 48
5 42 51
5 42 52
5 42 57
5 42 59
5 43 43
5 43 53
5 43 55
5 43 56
5 43 61
5 45 45
5 45 51
5 45 59
5 46 46
5 46 59
5 47 47
5 47 52
5 47 53
5 47 55
5 47 56
5 48 48
5 48 50
5 48 58
5 48 59
5 49 49
5 49 53
5 49 56
5 49 60
5 49 61
5 50 50
5 50 54
5 50 58
5 51 51
5 51 52
5 51 57
5 51 59
5 52 52
5 52 55
5 52 56
5 53 53
5 53 55
5 53 56
5 53 60
5 53 61
5 54 54
5 54 58
5 55 55
5 56 56
5 56 60
5 57 57
5 57 59
5 58 58
5 59 59
5 60 60
5 60 61
5 61 61
